action,step,time,p,b,serving,c,getting
-,0,0.0,0,0,false,0,false
[producing],1,7.826479130997556,1,1,false,0,false
[con_ready],2,24.731915536603797,1,1,true,0,true
[consuming],3,25.564049572532365,1,0,false,1,false
[producing],4,33.88109020426966,2,1,false,1,false
[con_ready],5,40.84789038176135,2,1,true,1,true
[consuming],6,42.06820155833754,2,0,false,2,false
[producing],7,61.29331124901489,3,1,false,2,false
[con_ready],8,63.19984669020717,3,1,true,2,true
[consuming],9,63.935799582227354,3,0,false,3,false
[producing],10,69.31771781349185,4,1,false,3,false
[con_ready],11,76.05121320950695,4,1,true,3,true
[consuming],12,79.50337208126038,4,0,false,4,false
[producing],13,80.06001388687774,5,1,false,4,false
[con_ready],14,85.65736501765926,5,1,true,4,true
[consuming],15,85.69054903446975,5,0,false,5,false
[producing],16,102.4209001650113,6,1,false,5,false
[producing],17,130.6533274326759,7,2,false,5,false
[producing],18,131.87036814063256,8,3,false,5,false
[producing],19,150.91314680150393,9,4,false,5,false
[producing],20,159.13708786911695,10,5,false,5,false
[producing],21,160.31346006760978,11,6,false,5,false
[con_ready],22,185.86346048149727,11,6,true,5,true
[consuming],23,185.9427856445391,11,5,false,6,false
[con_ready],24,212.6988907911432,11,5,true,6,true
[consuming],25,212.7248494960265,11,4,false,7,false
[producing],26,232.35299692787558,12,5,false,7,false
[producing],27,238.42558705378156,13,6,false,7,false
[con_ready],28,244.40438092294937,13,6,true,7,true
[consuming],29,244.62132457656716,13,5,false,8,false
[producing],30,248.46023486634428,14,6,false,8,false
[con_ready],31,249.01601516430682,14,6,true,8,true
[consuming],32,250.9710581110204,14,5,false,9,false
[con_ready],33,251.6574196022621,14,5,true,9,true
[consuming],34,252.04069192461307,14,4,false,10,false
[con_ready],35,252.8089585594513,14,4,true,10,true
[consuming],36,252.98995187458877,14,3,false,11,false
[con_ready],37,265.02348818771475,14,3,true,11,true
[consuming],38,266.16209631929655,14,2,false,12,false
[producing],39,277.32566551754957,15,3,false,12,false
[con_ready],40,283.76879060761473,15,3,true,12,true
[consuming],41,285.02193756171033,15,2,false,13,false
[producing],42,295.21172276502045,16,3,false,13,false
[con_ready],43,297.3768235014113,16,3,true,13,true
[consuming],44,297.9264673304227,16,2,false,14,false
[producing],45,304.084661643137,17,3,false,14,false
[producing],46,311.09028318064276,18,4,false,14,false
[producing],47,311.9780290652297,19,5,false,14,false
[con_ready],48,315.4196777106819,19,5,true,14,true
[consuming],49,316.2364067633669,19,4,false,15,false
[con_ready],50,323.35816881069735,19,4,true,15,true
[consuming],51,323.44982637583695,19,3,false,16,false
[con_ready],52,323.79669406523004,19,3,true,16,true
[consuming],53,327.0736309495569,19,2,false,17,false
[producing],54,338.5593340391894,20,3,false,17,false
[con_ready],55,347.3625504556091,20,3,true,17,true
[consuming],56,348.6025076492559,20,2,false,18,false
[producing],57,355.56995688435916,21,3,false,18,false
[con_ready],58,355.76838131475245,21,3,true,18,true
[consuming],59,358.6299878104443,21,2,false,19,false
[con_ready],60,369.6552427294044,21,2,true,19,true
[consuming],61,369.920261004888,21,1,false,20,false
[producing],62,373.33592928277636,22,2,false,20,false
[con_ready],63,387.9828870522789,22,2,true,20,true
[consuming],64,393.64553489532443,22,1,false,21,false
[con_ready],65,395.83734596661026,22,1,true,21,true
[consuming],66,397.0590038189934,22,0,false,22,false
[producing],67,399.7365071608008,23,1,false,22,false
[con_ready],68,403.112702558567,23,1,true,22,true
[consuming],69,404.1772352038227,23,0,false,23,false
[producing],70,406.3884775899135,24,1,false,23,false
[producing],71,416.0322824017776,25,2,false,23,false
[con_ready],72,422.156244756005,25,2,true,23,true
[consuming],73,422.5259571356431,25,1,false,24,false
[con_ready],74,430.23831351157696,25,1,true,24,true
[consuming],75,431.19695406270154,25,0,false,25,false
[producing],76,435.3339252570979,26,1,false,25,false
[con_ready],77,440.8389267525105,26,1,true,25,true
[consuming],78,444.41399435056485,26,0,false,26,false
[producing],79,506.45873959944254,27,1,false,26,false
[con_ready],80,522.7102350695518,27,1,true,26,true
[consuming],81,522.9632724445859,27,0,false,27,false
[producing],82,543.6962924614176,28,1,false,27,false
[producing],83,547.2774745450014,29,2,false,27,false
[con_ready],84,552.8667541735299,29,2,true,27,true
[consuming],85,554.1976043524303,29,1,false,28,false
[con_ready],86,561.4162668602967,29,1,true,28,true
[consuming],87,561.8908371421049,29,0,false,29,false
[producing],88,568.8154452113853,30,1,false,29,false
[con_ready],89,569.2551806052793,30,1,true,29,true
[consuming],90,569.4602884651449,30,0,false,30,false
[producing],91,570.7247592656624,31,1,false,30,false
[producing],92,580.8602772971004,32,2,false,30,false
[con_ready],93,585.5643812988003,32,2,true,30,true
[consuming],94,585.959675501408,32,1,false,31,false
[con_ready],95,596.2650641939033,32,1,true,31,true
[consuming],96,596.3338014699511,32,0,false,32,false
[producing],97,596.9619259262553,33,1,false,32,false
[producing],98,596.9798731955858,34,2,false,32,false
[con_ready],99,600.535718744092,34,2,true,32,true
[consuming],100,604.357873255595,34,1,false,33,false
[producing],101,619.3716885078263,35,2,false,33,false
[con_ready],102,619.8450346635191,35,2,true,33,true
[consuming],103,621.0051995408307,35,1,false,34,false
[con_ready],104,630.4468621882381,35,1,true,34,true
[consuming],105,630.5414800439241,35,0,false,35,false
[producing],106,632.4032340685488,36,1,false,35,false
[con_ready],107,654.077261322622,36,1,true,35,true
[consuming],108,654.1746511503906,36,0,false,36,false
[producing],109,676.0255377719603,37,1,false,36,false
[con_ready],110,685.3755376316816,37,1,true,36,true
[consuming],111,685.9259029898277,37,0,false,37,false
[producing],112,692.9451000622582,38,1,false,37,false
[con_ready],113,702.8496325311928,38,1,true,37,true
[consuming],114,704.6174362714531,38,0,false,38,false
[producing],115,709.8871591719083,39,1,false,38,false
[con_ready],116,711.5802835476647,39,1,true,38,true
[consuming],117,711.6358496872599,39,0,false,39,false
[producing],118,717.6283107693291,40,1,false,39,false
[con_ready],119,763.7116680986576,40,1,true,39,true
[consuming],120,764.2472199284126,40,0,false,40,false
