action,step,time,p,b,serving,c,getting
-,0,0.0,0,0,false,0,false
[producing],1,0.9610497254280506,1,1,false,0,false
[con_ready],2,14.272236935530723,1,1,true,0,true
[consuming],3,15.347384351208342,1,0,false,1,false
[producing],4,42.135183348109734,2,1,false,1,false
[producing],5,42.41980101227527,3,2,false,1,false
[con_ready],6,45.00172310619815,3,2,true,1,true
[consuming],7,45.64674540102173,3,1,false,2,false
[con_ready],8,54.39838503464869,3,1,true,2,true
[consuming],9,55.16137408298886,3,0,false,3,false
[producing],10,101.02437822976225,4,1,false,3,false
[con_ready],11,116.24619118397477,4,1,true,3,true
[consuming],12,116.36933310722895,4,0,false,4,false
[producing],13,120.23446723980696,5,1,false,4,false
[con_ready],14,124.69747346817448,5,1,true,4,true
[consuming],15,125.0000387491121,5,0,false,5,false
[producing],16,132.3763473840636,6,1,false,5,false
[producing],17,133.53521457682157,7,2,false,5,false
[producing],18,136.71926041450232,8,3,false,5,false
[con_ready],19,137.3252141006462,8,3,true,5,true
[consuming],20,137.40595638496976,8,2,false,6,false
[producing],21,139.0787917933058,9,3,false,6,false
[con_ready],22,171.20595737096875,9,3,true,6,true
[consuming],23,171.5603163784771,9,2,false,7,false
[producing],24,173.06101157786924,10,3,false,7,false
[producing],25,173.45070697164837,11,4,false,7,false
[con_ready],26,183.5291838195747,11,4,true,7,true
[consuming],27,185.1995463120494,11,3,false,8,false
[con_ready],28,197.18344518964585,11,3,true,8,true
[consuming],29,197.9180041356845,11,2,false,9,false
[producing],30,198.541366235805,12,3,false,9,false
[producing],31,203.25080292085127,13,4,false,9,false
[producing],32,224.63905647433467,14,5,false,9,false
[producing],33,242.65343052928927,15,6,false,9,false
[con_ready],34,261.49511935138094,15,6,true,9,true
[consuming],35,264.50988996151074,15,5,false,10,false
[con_ready],36,271.4210747377418,15,5,true,10,true
[consuming],37,272.3973925475836,15,4,false,11,false
[con_ready],38,290.91419848898147,15,4,true,11,true
[consuming],39,291.33367973172585,15,3,false,12,false
[producing],40,294.9036624508808,16,4,false,12,false
[con_ready],41,312.4468820471936,16,4,true,12,true
[consuming],42,312.56520720141685,16,3,false,13,false
[producing],43,315.1644417738612,17,4,false,13,false
[con_ready],44,316.1595910152637,17,4,true,13,true
[consuming],45,317.0205425388271,17,3,false,14,false
[con_ready],46,319.35932454225224,17,3,true,14,true
[consuming],47,320.3782689564025,17,2,false,15,false
[producing],48,328.21564233528244,18,3,false,15,false
[con_ready],49,332.49960491647505,18,3,true,15,true
[consuming],50,334.4312962965286,18,2,false,16,false
[con_ready],51,356.92787221621785,18,2,true,16,true
[consuming],52,357.96993172398953,18,1,false,17,false
[producing],53,359.1915366819703,19,2,false,17,false
[con_ready],54,362.75904727830425,19,2,true,17,true
[consuming],55,363.87506459379006,19,1,false,18,false
[producing],56,363.9299376391622,20,2,false,18,false
[con_ready],57,367.41343596281104,20,2,true,18,true
[consuming],58,367.67130309188866,20,1,false,19,false
[con_ready],59,372.09233812937595,20,1,true,19,true
[consuming],60,373.9193309358836,20,0,false,20,false
[producing],61,382.04783196722855,21,1,false,20,false
[producing],62,386.6906596641982,22,2,false,20,false
[con_ready],63,390.1972452253354,22,2,true,20,true
[consuming],64,392.6377572810338,22,1,false,21,false
[con_ready],65,401.2746221360804,22,1,true,21,true
[consuming],66,401.7184426730817,22,0,false,22,false
[producing],67,404.3804061166305,23,1,false,22,false
[producing],68,406.1161443829296,24,2,false,22,false
[con_ready],69,409.7112211791686,24,2,true,22,true
[consuming],70,409.80028682249787,24,1,false,23,false
[producing],71,413.5875985540719,25,2,false,23,false
[producing],72,419.93813911036676,26,3,false,23,false
[con_ready],73,422.3109315514175,26,3,true,23,true
[consuming],74,423.1226176806709,26,2,false,24,false
[con_ready],75,436.37269561762514,26,2,true,24,true
[consuming],76,437.197743361493,26,1,false,25,false
[con_ready],77,442.40797464342916,26,1,true,25,true
[consuming],78,442.7435080626428,26,0,false,26,false
[producing],79,455.4066662198163,27,1,false,26,false
[producing],80,457.7749302913192,28,2,false,26,false
[producing],81,461.74369223299516,29,3,false,26,false
[con_ready],82,465.2484239253585,29,3,true,26,true
[consuming],83,468.4596798672528,29,2,false,27,false
[producing],84,478.69602263802676,30,3,false,27,false
[con_ready],85,480.7447807450959,30,3,true,27,true
[consuming],86,481.08144174569554,30,2,false,28,false
[producing],87,492.21733168151513,31,3,false,28,false
[producing],88,494.8586590245631,32,4,false,28,false
[con_ready],89,499.1013222791473,32,4,true,28,true
[consuming],90,500.3820829695752,32,3,false,29,false
[producing],91,501.52473099341665,33,4,false,29,false
[producing],92,512.2880563678315,34,5,false,29,false
[con_ready],93,556.570786460085,34,5,true,29,true
[consuming],94,557.0216625087071,34,4,false,30,false
[producing],95,598.7922898966729,35,5,false,30,false
[con_ready],96,608.3960891962694,35,5,true,30,true
[consuming],97,610.3957959138786,35,4,false,31,false
[con_ready],98,612.9860822251737,35,4,true,31,true
[consuming],99,613.35946033843,35,3,false,32,false
[con_ready],100,614.3781944906273,35,3,true,32,true
[consuming],101,615.3437179092422,35,2,false,33,false
[producing],102,616.3817834777009,36,3,false,33,false
[con_ready],103,621.7436732654454,36,3,true,33,true
[consuming],104,622.7639554217851,36,2,false,34,false
[producing],105,629.0835761791303,37,3,false,34,false
[con_ready],106,633.6972570852682,37,3,true,34,true
[consuming],107,634.0378721618353,37,2,false,35,false
[producing],108,635.2194405633832,38,3,false,35,false
[con_ready],109,640.1063602651963,38,3,true,35,true
[consuming],110,640.4639382010643,38,2,false,36,false
[producing],111,648.6570051281158,39,3,false,36,false
[producing],112,648.7474588815704,40,4,false,36,false
[producing],113,652.7552905247442,41,5,false,36,false
[con_ready],114,666.3921151588652,41,5,true,36,true
[consuming],115,667.0203566442001,41,4,false,37,false
[con_ready],116,670.3775810827049,41,4,true,37,true
[consuming],117,670.6845970099284,41,3,false,38,false
[con_ready],118,672.9768052673744,41,3,true,38,true
[consuming],119,673.3905027870591,41,2,false,39,false
[producing],120,679.5149708987548,42,3,false,39,false
[producing],121,687.0034541564148,43,4,false,39,false
[producing],122,692.9666414105315,44,5,false,39,false
[con_ready],123,696.1170103793819,44,5,true,39,true
[consuming],124,696.6129578785116,44,4,false,40,false
[con_ready],125,696.6454062592883,44,4,true,40,true
[consuming],126,696.7443209678339,44,3,false,41,false
[con_ready],127,700.7151074570504,44,3,true,41,true
[consuming],128,702.3289509105795,44,2,false,42,false
[producing],129,719.2861403052783,45,3,false,42,false
[producing],130,720.1163319361713,46,4,false,42,false
[con_ready],131,723.6305049257122,46,4,true,42,true
[consuming],132,724.0130113860369,46,3,false,43,false
[producing],133,732.5289923370943,47,4,false,43,false
[producing],134,739.9052126525071,48,5,false,43,false
[con_ready],135,744.9625220673817,48,5,true,43,true
[consuming],136,744.9685096611938,48,4,false,44,false
[con_ready],137,752.0736023743538,48,4,true,44,true
[consuming],138,753.3777151766591,48,3,false,45,false
[con_ready],139,754.9595351187291,48,3,true,45,true
[consuming],140,756.2057048916437,48,2,false,46,false
[con_ready],141,757.4794795627512,48,2,true,46,true
[consuming],142,757.6672061002391,48,1,false,47,false
[con_ready],143,778.0111855142178,48,1,true,47,true
[consuming],144,779.2285008343266,48,0,false,48,false
[producing],145,782.5908483149485,49,1,false,48,false
[producing],146,784.2161162658646,50,2,false,48,false
[con_ready],147,784.5663718837803,50,2,true,48,true
[consuming],148,786.4117214165163,50,1,false,49,false
[con_ready],149,809.6408934832535,50,1,true,49,true
[consuming],150,809.8676128933255,50,0,false,50,false
[producing],151,826.382090596997,51,1,false,50,false
[producing],152,829.4647247580563,52,2,false,50,false
[producing],153,832.7884899473753,53,3,false,50,false
[con_ready],154,838.6358235535149,53,3,true,50,true
[consuming],155,839.1258082673921,53,2,false,51,false
[con_ready],156,839.1279126924671,53,2,true,51,true
[consuming],157,839.2524995476026,53,1,false,52,false
[con_ready],158,848.7019369460343,53,1,true,52,true
[consuming],159,851.4673298915227,53,0,false,53,false
[producing],160,863.2310143088071,54,1,false,53,false
[producing],161,870.3435622665586,55,2,false,53,false
[con_ready],162,870.551299224275,55,2,true,53,true
[consuming],163,871.7159047826905,55,1,false,54,false
[producing],164,872.5674020192994,56,2,false,54,false
[producing],165,890.9882305243536,57,3,false,54,false
[con_ready],166,893.7684401557632,57,3,true,54,true
[consuming],167,894.5042710148157,57,2,false,55,false
[con_ready],168,906.2986309388815,57,2,true,55,true
[consuming],169,906.3258389935725,57,1,false,56,false
[producing],170,910.0011838793364,58,2,false,56,false
[producing],171,913.9266709090042,59,3,false,56,false
[con_ready],172,928.3447785833497,59,3,true,56,true
[consuming],173,928.4845758492719,59,2,false,57,false
[producing],174,940.7872597951861,60,3,false,57,false
[con_ready],175,941.0900407145116,60,3,true,57,true
[consuming],176,941.9149073285835,60,2,false,58,false
[con_ready],177,952.6738321962672,60,2,true,58,true
[consuming],178,953.9369575106084,60,1,false,59,false
[con_ready],179,959.5459275099046,60,1,true,59,true
[consuming],180,959.6689697326649,60,0,false,60,false
[producing],181,965.6950193524005,61,1,false,60,false
[con_ready],182,976.0125803991317,61,1,true,60,true
[consuming],183,976.6065413384805,61,0,false,61,false
[producing],184,990.6177764051527,62,1,false,61,false
[producing],185,994.4604873155713,63,2,false,61,false
[con_ready],186,995.8375154736808,63,2,true,61,true
[consuming],187,996.536689898408,63,1,false,62,false
[con_ready],188,1000.6317733038795,63,1,true,62,true
[consuming],189,1000.976224814811,63,0,false,63,false
[producing],190,1005.3269210218393,64,1,false,63,false
[con_ready],191,1007.3197918330649,64,1,true,63,true
[consuming],192,1008.4680843662245,64,0,false,64,false
[producing],193,1009.4141956133262,65,1,false,64,false
[producing],194,1015.3606513707264,66,2,false,64,false
[con_ready],195,1027.2897606182212,66,2,true,64,true
[consuming],196,1027.5908676230624,66,1,false,65,false
[con_ready],197,1027.8305606480455,66,1,true,65,true
[consuming],198,1028.0579310068606,66,0,false,66,false
[producing],199,1056.8530284887124,67,1,false,66,false
[con_ready],200,1057.3914106859418,67,1,true,66,true
[consuming],201,1058.20984955265,67,0,false,67,false
[producing],202,1080.9544787587547,68,1,false,67,false
[con_ready],203,1086.4662298584617,68,1,true,67,true
[consuming],204,1087.303450559577,68,0,false,68,false
[producing],205,1087.8080809350522,69,1,false,68,false
[producing],206,1097.7739412868862,70,2,false,68,false
[producing],207,1104.5271880953442,71,3,false,68,false
[con_ready],208,1108.648612464509,71,3,true,68,true
[consuming],209,1111.2549211977155,71,2,false,69,false
[producing],210,1112.5076390912664,72,3,false,69,false
[producing],211,1113.6594447765328,73,4,false,69,false
[producing],212,1122.298636633123,74,5,false,69,false
[producing],213,1123.071781921256,75,6,false,69,false
[producing],214,1128.5896263598834,76,7,false,69,false
[con_ready],215,1128.7544332882674,76,7,true,69,true
[consuming],216,1129.698449316566,76,6,false,70,false
[con_ready],217,1152.5688592079914,76,6,true,70,true
[consuming],218,1152.980503086272,76,5,false,71,false
[producing],219,1157.3827888237486,77,6,false,71,false
[con_ready],220,1162.8644986505944,77,6,true,71,true
[consuming],221,1163.124292847418,77,5,false,72,false
[producing],222,1164.573101302622,78,6,false,72,false
[con_ready],223,1171.885134122682,78,6,true,72,true
[consuming],224,1172.1138695593731,78,5,false,73,false
[con_ready],225,1172.7773469541808,78,5,true,73,true
[consuming],226,1172.7989004109259,78,4,false,74,false
[con_ready],227,1173.9443021123266,78,4,true,74,true
[consuming],228,1174.3112380948448,78,3,false,75,false
[producing],229,1174.631556954204,79,4,false,75,false
[con_ready],230,1179.2220585985726,79,4,true,75,true
[consuming],231,1180.261019917453,79,3,false,76,false
[producing],232,1182.7226629040972,80,4,false,76,false
[con_ready],233,1200.7177044434131,80,4,true,76,true
[consuming],234,1201.08514623111,80,3,false,77,false
[con_ready],235,1241.967495945786,80,3,true,77,true
[consuming],236,1242.740707365459,80,2,false,78,false
[con_ready],237,1251.197233394857,80,2,true,78,true
[consuming],238,1253.4597957145386,80,1,false,79,false
[con_ready],239,1263.7990818969354,80,1,true,79,true
[consuming],240,1263.8780383409548,80,0,false,80,false
