action,step,time,p,b,serving,c,getting
-,0,0.0,0,0,false,0,false
[producing],1,3.4266864203339833,1,1,false,0,false
[producing],2,3.572748219406642,2,2,false,0,false
[con_ready],3,8.43983561240946,2,2,true,0,true
[consuming],4,9.129551830417972,2,1,false,1,false
[con_ready],5,14.705963138977527,2,1,true,1,true
[consuming],6,14.92384081791829,2,0,false,2,false
[producing],7,22.72511590540854,3,1,false,2,false
[con_ready],8,38.10487303519815,3,1,true,2,true
[consuming],9,40.21669595171225,3,0,false,3,false
[producing],10,40.272071413643815,4,1,false,3,false
[con_ready],11,42.29155267630434,4,1,true,3,true
[consuming],12,44.17749581534653,4,0,false,4,false
[producing],13,53.07556170511967,5,1,false,4,false
[producing],14,66.82137107721167,6,2,false,4,false
[con_ready],15,79.11416498222958,6,2,true,4,true
[consuming],16,79.12099796822424,6,1,false,5,false
[con_ready],17,87.6463845909364,6,1,true,5,true
[consuming],18,88.20178325482411,6,0,false,6,false
[producing],19,102.4336002486498,7,1,false,6,false
[producing],20,108.2571071046659,8,2,false,6,false
[con_ready],21,113.09004326500238,8,2,true,6,true
[consuming],22,113.73697496820982,8,1,false,7,false
[producing],23,118.48061374455898,9,2,false,7,false
[con_ready],24,120.62477237287158,9,2,true,7,true
[consuming],25,122.01692586828437,9,1,false,8,false
[con_ready],26,126.40517620406288,9,1,true,8,true
[consuming],27,129.22709011224188,9,0,false,9,false
[producing],28,137.96511653270733,10,1,false,9,false
[producing],29,144.49695572245213,11,2,false,9,false
[con_ready],30,147.84518607945597,11,2,true,9,true
[consuming],31,147.8594940981327,11,1,false,10,false
[producing],32,153.32675817685404,12,2,false,10,false
[producing],33,157.12209857717951,13,3,false,10,false
[producing],34,178.12473553162198,14,4,false,10,false
[con_ready],35,193.85900386234155,14,4,true,10,true
[consuming],36,194.77202886129075,14,3,false,11,false
[producing],37,196.16522314616492,15,4,false,11,false
[producing],38,197.50565233112516,16,5,false,11,false
[producing],39,200.46212473293997,17,6,false,11,false
[con_ready],40,200.57244564437443,17,6,true,11,true
[consuming],41,200.95204203163152,17,5,false,12,false
[con_ready],42,202.43989963620803,17,5,true,12,true
[consuming],43,202.495094171668,17,4,false,13,false
[con_ready],44,210.06297236882168,17,4,true,13,true
[consuming],45,210.31996281768843,17,3,false,14,false
[con_ready],46,211.64588274468332,17,3,true,14,true
[consuming],47,213.05598103953784,17,2,false,15,false
[con_ready],48,217.70905374494907,17,2,true,15,true
[consuming],49,217.75347264900967,17,1,false,16,false
[con_ready],50,225.10616947891097,17,1,true,16,true
[consuming],51,225.13040151590243,17,0,false,17,false
[producing],52,232.2046642667166,18,1,false,17,false
[producing],53,238.05817620910275,19,2,false,17,false
[con_ready],54,249.7408361444911,19,2,true,17,true
[consuming],55,249.98622567119625,19,1,false,18,false
[producing],56,252.17143921451137,20,2,false,18,false
[producing],57,259.966720165763,21,3,false,18,false
[producing],58,262.8442881282881,22,4,false,18,false
[producing],59,263.01481620956343,23,5,false,18,false
[producing],60,264.0161477852239,24,6,false,18,false
[con_ready],61,272.08780450153415,24,6,true,18,true
[consuming],62,272.7851381305218,24,5,false,19,false
[producing],63,280.18686816275306,25,6,false,19,false
[producing],64,281.6225020451116,26,7,false,19,false
[producing],65,300.25716053482626,27,8,false,19,false
[con_ready],66,311.5178819380353,27,8,true,19,true
[consuming],67,315.28591932341766,27,7,false,20,false
[producing],68,320.18504099367306,28,8,false,20,false
[producing],69,329.3907985003975,29,9,false,20,false
[producing],70,338.7086598811309,30,10,false,20,false
[producing],71,345.30320299852013,31,11,false,20,false
[con_ready],72,351.2151831594366,31,11,true,20,true
[consuming],73,351.75662890731957,31,10,false,21,false
[producing],74,352.3596609112845,32,11,false,21,false
[producing],75,357.3978866185286,33,12,false,21,false
[con_ready],76,362.36526691296973,33,12,true,21,true
[consuming],77,363.367975573077,33,11,false,22,false
[con_ready],78,363.61144086482443,33,11,true,22,true
[consuming],79,365.7309836784452,33,10,false,23,false
[producing],80,373.5617129047042,34,11,false,23,false
[producing],81,383.3701244853128,35,12,false,23,false
[con_ready],82,397.87013286971575,35,12,true,23,true
[consuming],83,398.0557058191029,35,11,false,24,false
[con_ready],84,401.28986874283555,35,11,true,24,true
[consuming],85,401.80932080365534,35,10,false,25,false
[con_ready],86,412.94553521970386,35,10,true,25,true
[consuming],87,413.46798524959854,35,9,false,26,false
[producing],88,414.9857317397119,36,10,false,26,false
[con_ready],89,421.26058364957146,36,10,true,26,true
[consuming],90,421.7195996300983,36,9,false,27,false
[producing],91,426.83354688724324,37,10,false,27,false
[producing],92,431.15422664056376,38,11,false,27,false
[producing],93,436.8183778408168,39,12,false,27,false
[producing],94,439.16477848029706,40,13,false,27,false
[con_ready],95,442.08265770818883,40,13,true,27,true
[consuming],96,442.16388507427104,40,12,false,28,false
[con_ready],97,443.1834160644267,40,12,true,28,true
[consuming],98,443.2291210530317,40,11,false,29,false
[con_ready],99,457.76297932747,40,11,true,29,true
[consuming],100,460.53873324722906,40,10,false,30,false
[producing],101,475.1758382220656,41,11,false,30,false
[con_ready],102,484.7100466760673,41,11,true,30,true
[consuming],103,485.06280831390717,41,10,false,31,false
[producing],104,485.8359254113241,42,11,false,31,false
[con_ready],105,486.56849454173425,42,11,true,31,true
[consuming],106,486.70445276346976,42,10,false,32,false
[con_ready],107,492.1999701450494,42,10,true,32,true
[consuming],108,493.8498860879219,42,9,false,33,false
[con_ready],109,508.43309321731994,42,9,true,33,true
[consuming],110,510.6564381000554,42,8,false,34,false
[con_ready],111,511.17840374348424,42,8,true,34,true
[consuming],112,512.7889681161712,42,7,false,35,false
[con_ready],113,513.2812634631616,42,7,true,35,true
[consuming],114,517.5592244947953,42,6,false,36,false
[producing],115,522.6061823329117,43,7,false,36,false
[con_ready],116,525.2171904007979,43,7,true,36,true
[consuming],117,525.5636065365844,43,6,false,37,false
[producing],118,530.3416698415092,44,7,false,37,false
[con_ready],119,534.7773446970651,44,7,true,37,true
[consuming],120,536.5095630222773,44,6,false,38,false
[producing],121,537.7225748513316,45,7,false,38,false
[con_ready],122,541.9130492401562,45,7,true,38,true
[consuming],123,542.8771693257054,45,6,false,39,false
[con_ready],124,545.7091434819781,45,6,true,39,true
[consuming],125,551.2382059880297,45,5,false,40,false
[producing],126,586.6482231143866,46,6,false,40,false
[con_ready],127,591.78839626978,46,6,true,40,true
[consuming],128,592.5235816129635,46,5,false,41,false
[producing],129,596.1852264328072,47,6,false,41,false
[producing],130,597.5770086141955,48,7,false,41,false
[producing],131,602.5995924566782,49,8,false,41,false
[con_ready],132,610.9565971965587,49,8,true,41,true
[consuming],133,611.5365933730766,49,7,false,42,false
[con_ready],134,617.9472185481217,49,7,true,42,true
[consuming],135,618.160393882326,49,6,false,43,false
[producing],136,626.0555888240698,50,7,false,43,false
[producing],137,642.0025974733923,51,8,false,43,false
[con_ready],138,649.1763914069631,51,8,true,43,true
[consuming],139,649.2497646257688,51,7,false,44,false
[producing],140,657.1255634159053,52,8,false,44,false
[producing],141,662.4502794944316,53,9,false,44,false
[producing],142,664.7079800086669,54,10,false,44,false
[con_ready],143,665.1776546560388,54,10,true,44,true
[consuming],144,666.1776915134207,54,9,false,45,false
[con_ready],145,683.5472543460843,54,9,true,45,true
[consuming],146,686.2483396090515,54,8,false,46,false
[con_ready],147,692.9379294628926,54,8,true,46,true
[consuming],148,693.5077036204183,54,7,false,47,false
[con_ready],149,699.7120495844332,54,7,true,47,true
[consuming],150,700.1627592993991,54,6,false,48,false
[con_ready],151,706.4803132211413,54,6,true,48,true
[consuming],152,706.7002520535749,54,5,false,49,false
[producing],153,720.0462348160249,55,6,false,49,false
[con_ready],154,722.0897319368414,55,6,true,49,true
[consuming],155,722.8540420418424,55,5,false,50,false
[producing],156,723.492932723521,56,6,false,50,false
[producing],157,735.3424612295536,57,7,false,50,false
[con_ready],158,745.7742005008071,57,7,true,50,true
[consuming],159,746.9782371383121,57,6,false,51,false
[con_ready],160,747.4547586957723,57,6,true,51,true
[consuming],161,747.9352031288535,57,5,false,52,false
[con_ready],162,748.5905133878287,57,5,true,52,true
[consuming],163,748.6662581393288,57,4,false,53,false
[producing],164,781.7253580590276,58,5,false,53,false
[producing],165,787.0034568670445,59,6,false,53,false
[producing],166,787.9607128109275,60,7,false,53,false
[con_ready],167,788.6739733590998,60,7,true,53,true
[consuming],168,788.9096862426414,60,6,false,54,false
[con_ready],169,788.9658613544572,60,6,true,54,true
[consuming],170,789.3392582142757,60,5,false,55,false
[producing],171,794.6020374566856,61,6,false,55,false
[producing],172,799.7337119108672,62,7,false,55,false
[producing],173,815.6833393364568,63,8,false,55,false
[con_ready],174,819.7230716274659,63,8,true,55,true
[consuming],175,820.126654551507,63,7,false,56,false
[producing],176,823.5863573887965,64,8,false,56,false
[producing],177,825.8368719904645,65,9,false,56,false
[con_ready],178,827.2056945989891,65,9,true,56,true
[consuming],179,827.8430713691369,65,8,false,57,false
[producing],180,834.4199402595058,66,9,false,57,false
[con_ready],181,844.4264708639503,66,9,true,57,true
[consuming],182,845.0056810807531,66,8,false,58,false
[con_ready],183,846.1563424376748,66,8,true,58,true
[consuming],184,846.1822119976644,66,7,false,59,false
[producing],185,848.2349599531959,67,8,false,59,false
[producing],186,854.3898465160623,68,9,false,59,false
[producing],187,859.6937739440383,69,10,false,59,false
[producing],188,861.2421348728468,70,11,false,59,false
[producing],189,872.1790688802779,71,12,false,59,false
[con_ready],190,879.890921276164,71,12,true,59,true
[consuming],191,884.3379832408694,71,11,false,60,false
[producing],192,885.8988186151206,72,12,false,60,false
[con_ready],193,898.5793991874361,72,12,true,60,true
[consuming],194,898.7057601193542,72,11,false,61,false
[producing],195,901.2662039763372,73,12,false,61,false
[con_ready],196,904.3664552082796,73,12,true,61,true
[consuming],197,905.3540398685485,73,11,false,62,false
[producing],198,913.4606655601368,74,12,false,62,false
[producing],199,914.5542993611559,75,13,false,62,false
[con_ready],200,919.8748949018993,75,13,true,62,true
[consuming],201,920.6864933914998,75,12,false,63,false
[con_ready],202,922.832991498552,75,12,true,63,true
[consuming],203,923.3321191041894,75,11,false,64,false
[con_ready],204,931.0779277420442,75,11,true,64,true
[consuming],205,934.7401270093957,75,10,false,65,false
[con_ready],206,940.8818174758351,75,10,true,65,true
[consuming],207,942.898253948257,75,9,false,66,false
[con_ready],208,955.131651240918,75,9,true,66,true
[consuming],209,955.7901184640299,75,8,false,67,false
[con_ready],210,956.5108083745561,75,8,true,67,true
[consuming],211,959.5841638869488,75,7,false,68,false
[con_ready],212,964.3866486961437,75,7,true,68,true
[consuming],213,968.852594333832,75,6,false,69,false
[producing],214,969.7966089349864,76,7,false,69,false
[producing],215,969.9463663281372,77,8,false,69,false
[producing],216,972.9790754994968,78,9,false,69,false
[con_ready],217,974.990042455285,78,9,true,69,true
[consuming],218,975.3360960037394,78,8,false,70,false
[producing],219,986.096882281754,79,9,false,70,false
[con_ready],220,997.0846310349123,79,9,true,70,true
[consuming],221,997.7167537071707,79,8,false,71,false
[producing],222,1009.1075701876377,80,9,false,71,false
[con_ready],223,1009.7814863284309,80,9,true,71,true
[consuming],224,1010.9147102129941,80,8,false,72,false
[con_ready],225,1021.1408607017958,80,8,true,72,true
[consuming],226,1021.3429531120636,80,7,false,73,false
[con_ready],227,1039.6585052091013,80,7,true,73,true
[consuming],228,1040.1017457528906,80,6,false,74,false
[con_ready],229,1042.5884385352474,80,6,true,74,true
[consuming],230,1043.1242842938113,80,5,false,75,false
[con_ready],231,1072.2624689802406,80,5,true,75,true
[consuming],232,1072.516066028313,80,4,false,76,false
[con_ready],233,1120.9733343458433,80,4,true,76,true
[consuming],234,1120.9845677397013,80,3,false,77,false
[con_ready],235,1125.5753281724265,80,3,true,77,true
[consuming],236,1125.8752169415773,80,2,false,78,false
[con_ready],237,1128.0386002146454,80,2,true,78,true
[consuming],238,1128.21210034825,80,1,false,79,false
[con_ready],239,1181.286800223747,80,1,true,79,true
[consuming],240,1181.9173041086615,80,0,false,80,false
