action,step,time,p,b,serving,c,getting
-,0,0.0,0,0,false,0,false
[producing],1,10.618962411775994,1,1,false,0,false
[producing],2,28.709163946032298,2,2,false,0,false
[con_ready],3,43.52246064123864,2,2,true,0,true
[consuming],4,45.35822249609471,2,1,false,1,false
[producing],5,52.13737650682491,3,2,false,1,false
[producing],6,54.26925309197915,4,3,false,1,false
[producing],7,63.40314470247887,5,4,false,1,false
[con_ready],8,70.40680299539066,5,4,true,1,true
[consuming],9,73.09625361675447,5,3,false,2,false
[con_ready],10,86.17386169461125,5,3,true,2,true
[consuming],11,86.31930897949968,5,2,false,3,false
[producing],12,87.96519385889837,6,3,false,3,false
[con_ready],13,94.44524845788261,6,3,true,3,true
[consuming],14,95.22318919952319,6,2,false,4,false
[con_ready],15,98.19887556377284,6,2,true,4,true
[consuming],16,98.2371737852758,6,1,false,5,false
[producing],17,99.08447295781876,7,2,false,5,false
[con_ready],18,99.61222785549083,7,2,true,5,true
[consuming],19,99.88460337081102,7,1,false,6,false
[producing],20,102.61044887067517,8,2,false,6,false
[producing],21,104.28246267579541,9,3,false,6,false
[producing],22,115.47692561835393,10,4,false,6,false
[producing],23,115.72975678977062,11,5,false,6,false
[producing],24,125.11147417554201,12,6,false,6,false
[con_ready],25,127.16741798476377,12,6,true,6,true
[consuming],26,128.8036660647031,12,5,false,7,false
[con_ready],27,151.1069460962348,12,5,true,7,true
[consuming],28,151.52532062330016,12,4,false,8,false
[con_ready],29,160.46988389621984,12,4,true,8,true
[consuming],30,161.71008659588966,12,3,false,9,false
[producing],31,170.71662430589876,13,4,false,9,false
[con_ready],32,181.2082310617317,13,4,true,9,true
[consuming],33,181.6522256324777,13,3,false,10,false
[producing],34,191.48352403591528,14,4,false,10,false
[con_ready],35,198.43971445159184,14,4,true,10,true
[consuming],36,201.81442791611252,14,3,false,11,false
[producing],37,205.02925462594624,15,4,false,11,false
[producing],38,219.99393074184687,16,5,false,11,false
[con_ready],39,230.1796496457398,16,5,true,11,true
[consuming],40,231.70329610165265,16,4,false,12,false
[con_ready],41,249.31021875202646,16,4,true,12,true
[consuming],42,250.06804125623748,16,3,false,13,false
[producing],43,254.25623579017085,17,4,false,13,false
[con_ready],44,257.0284936249965,17,4,true,13,true
[consuming],45,257.1037378213607,17,3,false,14,false
[con_ready],46,261.9349013585288,17,3,true,14,true
[consuming],47,263.069373445036,17,2,false,15,false
[producing],48,264.2123088751647,18,3,false,15,false
[producing],49,271.4165852185986,19,4,false,15,false
[con_ready],50,271.54565883341644,19,4,true,15,true
[consuming],51,272.15931271586487,19,3,false,16,false
[con_ready],52,272.87380097463534,19,3,true,16,true
[consuming],53,272.89031303636716,19,2,false,17,false
[producing],54,275.2185828249296,20,3,false,17,false
[con_ready],55,288.0165588341514,20,3,true,17,true
[consuming],56,289.0342307291417,20,2,false,18,false
[producing],57,291.3801959561542,21,3,false,18,false
[producing],58,297.05341871757093,22,4,false,18,false
[producing],59,303.21629104115436,23,5,false,18,false
[con_ready],60,308.2407741077145,23,5,true,18,true
[consuming],61,308.27614970854415,23,4,false,19,false
[con_ready],62,309.63841280538713,23,4,true,19,true
[consuming],63,310.47615757616006,23,3,false,20,false
[con_ready],64,316.102075959305,23,3,true,20,true
[consuming],65,318.1077272244172,23,2,false,21,false
[con_ready],66,318.4416735283995,23,2,true,21,true
[consuming],67,318.6146457623062,23,1,false,22,false
[con_ready],68,323.9149136274791,23,1,true,22,true
[consuming],69,324.7554712811479,23,0,false,23,false
[producing],70,330.2411792267406,24,1,false,23,false
[con_ready],71,331.2468620524487,24,1,true,23,true
[consuming],72,332.9482014551326,24,0,false,24,false
[producing],73,333.10406469708215,25,1,false,24,false
[con_ready],74,359.22739439955666,25,1,true,24,true
[consuming],75,362.7284745718318,25,0,false,25,false
[producing],76,367.7504785472315,26,1,false,25,false
[producing],77,371.6552518782268,27,2,false,25,false
[con_ready],78,373.53874815887053,27,2,true,25,true
[consuming],79,374.86320524007397,27,1,false,26,false
[con_ready],80,377.357809233543,27,1,true,26,true
[consuming],81,377.50652493305415,27,0,false,27,false
[producing],82,384.199028031162,28,1,false,27,false
[con_ready],83,389.4718392352713,28,1,true,27,true
[consuming],84,391.66767718480924,28,0,false,28,false
[producing],85,427.02718873148575,29,1,false,28,false
[con_ready],86,437.1732059864175,29,1,true,28,true
[consuming],87,437.5436130824152,29,0,false,29,false
[producing],88,441.03861241622894,30,1,false,29,false
[producing],89,465.60570576075554,31,2,false,29,false
[producing],90,466.99768445946836,32,3,false,29,false
[con_ready],91,472.78600422948796,32,3,true,29,true
[consuming],92,473.1937654915332,32,2,false,30,false
[con_ready],93,486.431777990025,32,2,true,30,true
[consuming],94,486.4750849856119,32,1,false,31,false
[producing],95,501.4335420812419,33,2,false,31,false
[con_ready],96,515.0532025101224,33,2,true,31,true
[consuming],97,515.1023772706553,33,1,false,32,false
[con_ready],98,517.4548940398895,33,1,true,32,true
[consuming],99,517.7661582536609,33,0,false,33,false
[producing],100,522.8306536659953,34,1,false,33,false
[producing],101,524.4405536615948,35,2,false,33,false
[producing],102,528.9456839665612,36,3,false,33,false
[con_ready],103,534.2804560771095,36,3,true,33,true
[consuming],104,534.9520400229517,36,2,false,34,false
[con_ready],105,536.624097691277,36,2,true,34,true
[consuming],106,536.6242248267525,36,1,false,35,false
[con_ready],107,539.0430812573723,36,1,true,35,true
[consuming],108,541.8461111112299,36,0,false,36,false
[producing],109,556.5746021974511,37,1,false,36,false
[producing],110,559.608180992617,38,2,false,36,false
[con_ready],111,564.6891798927312,38,2,true,36,true
[consuming],112,565.7779409541631,38,1,false,37,false
[producing],113,566.5041925733879,39,2,false,37,false
[producing],114,575.3572221114658,40,3,false,37,false
[producing],115,576.1812808101,41,4,false,37,false
[con_ready],116,579.1009653698545,41,4,true,37,true
[consuming],117,581.2601300918877,41,3,false,38,false
[producing],118,586.9425264220405,42,4,false,38,false
[con_ready],119,590.0867133606305,42,4,true,38,true
[consuming],120,590.4774587165173,42,3,false,39,false
[producing],121,597.9575730911616,43,4,false,39,false
[con_ready],122,599.2327843242376,43,4,true,39,true
[consuming],123,600.0002085821754,43,3,false,40,false
[producing],124,609.5762208294103,44,4,false,40,false
[producing],125,610.6918114082235,45,5,false,40,false
[con_ready],126,612.1973397237723,45,5,true,40,true
[consuming],127,614.579045572192,45,4,false,41,false
[con_ready],128,615.7836307921531,45,4,true,41,true
[consuming],129,618.7942002728443,45,3,false,42,false
[producing],130,628.8033379306124,46,4,false,42,false
[con_ready],131,631.7321272064939,46,4,true,42,true
[consuming],132,632.0235091904141,46,3,false,43,false
[con_ready],133,632.175894197809,46,3,true,43,true
[consuming],134,632.3939149603941,46,2,false,44,false
[con_ready],135,632.9269589037118,46,2,true,44,true
[consuming],136,633.3965674028071,46,1,false,45,false
[con_ready],137,635.3467668730906,46,1,true,45,true
[consuming],138,636.8978425647174,46,0,false,46,false
[producing],139,657.9442932202129,47,1,false,46,false
[producing],140,661.2926816987621,48,2,false,46,false
[con_ready],141,666.0938237503492,48,2,true,46,true
[consuming],142,667.908754247385,48,1,false,47,false
[producing],143,672.0466826479443,49,2,false,47,false
[con_ready],144,672.0673133019552,49,2,true,47,true
[consuming],145,672.5178549324069,49,1,false,48,false
[con_ready],146,673.4428572336441,49,1,true,48,true
[consuming],147,673.945811967665,49,0,false,49,false
[producing],148,677.581588840792,50,1,false,49,false
[producing],149,681.5517352388504,51,2,false,49,false
[producing],150,689.6313548405482,52,3,false,49,false
[con_ready],151,691.4240979147443,52,3,true,49,true
[consuming],152,692.777737117052,52,2,false,50,false
[con_ready],153,693.1320175397574,52,2,true,50,true
[consuming],154,693.2214006978021,52,1,false,51,false
[con_ready],155,695.9395655653902,52,1,true,51,true
[consuming],156,696.0428690213721,52,0,false,52,false
[producing],157,696.2778640944488,53,1,false,52,false
[con_ready],158,697.7021724146445,53,1,true,52,true
[consuming],159,698.0869316081324,53,0,false,53,false
[producing],160,705.8590795264715,54,1,false,53,false
[producing],161,716.4572875227494,55,2,false,53,false
[producing],162,720.9796880662738,56,3,false,53,false
[producing],163,725.3823197846272,57,4,false,53,false
[con_ready],164,727.7729596925369,57,4,true,53,true
[consuming],165,730.3388347484671,57,3,false,54,false
[con_ready],166,742.6531927888951,57,3,true,54,true
[consuming],167,743.4004448677277,57,2,false,55,false
[producing],168,745.8189508128035,58,3,false,55,false
[con_ready],169,751.089407996122,58,3,true,55,true
[consuming],170,754.3140193139054,58,2,false,56,false
[con_ready],171,766.7797220781486,58,2,true,56,true
[consuming],172,767.0658339708484,58,1,false,57,false
[producing],173,770.1652725943036,59,2,false,57,false
[con_ready],174,781.92337973563,59,2,true,57,true
[consuming],175,783.592077153345,59,1,false,58,false
[con_ready],176,796.831412247585,59,1,true,58,true
[consuming],177,796.957096659145,59,0,false,59,false
[producing],178,818.4844452298961,60,1,false,59,false
[producing],179,821.3971976966814,61,2,false,59,false
[con_ready],180,822.5872402442078,61,2,true,59,true
[consuming],181,822.8797996631844,61,1,false,60,false
[producing],182,825.9260525779713,62,2,false,60,false
[producing],183,832.9169504984031,63,3,false,60,false
[producing],184,860.287587730149,64,4,false,60,false
[con_ready],185,860.6841618763857,64,4,true,60,true
[consuming],186,860.6928480439155,64,3,false,61,false
[producing],187,864.1634954441349,65,4,false,61,false
[producing],188,866.5482161562238,66,5,false,61,false
[con_ready],189,867.9943594579431,66,5,true,61,true
[consuming],190,868.573585720032,66,4,false,62,false
[con_ready],191,873.4982176693719,66,4,true,62,true
[consuming],192,874.0509746752684,66,3,false,63,false
[con_ready],193,877.4294243939435,66,3,true,63,true
[consuming],194,877.6067168159464,66,2,false,64,false
[con_ready],195,879.3808924087355,66,2,true,64,true
[consuming],196,879.6062455963987,66,1,false,65,false
[producing],197,887.8394531050275,67,2,false,65,false
[producing],198,900.5372759738501,68,3,false,65,false
[producing],199,902.8921075839081,69,4,false,65,false
[con_ready],200,904.3773587182616,69,4,true,65,true
[consuming],201,905.7132162088486,69,3,false,66,false
[producing],202,908.5549889028975,70,4,false,66,false
[producing],203,912.9150466859061,71,5,false,66,false
[producing],204,920.5864726286507,72,6,false,66,false
[producing],205,920.6980860023331,73,7,false,66,false
[con_ready],206,923.7564591804357,73,7,true,66,true
[consuming],207,925.6186167789255,73,6,false,67,false
[producing],208,937.5383001762827,74,7,false,67,false
[producing],209,939.8406334713434,75,8,false,67,false
[con_ready],210,943.1504901827922,75,8,true,67,true
[consuming],211,943.6356935408901,75,7,false,68,false
[con_ready],212,945.694338304468,75,7,true,68,true
[consuming],213,948.1954345226513,75,6,false,69,false
[producing],214,952.9004495012653,76,7,false,69,false
[producing],215,957.1583479339731,77,8,false,69,false
[producing],216,958.7947709516726,78,9,false,69,false
[con_ready],217,965.5731841386988,78,9,true,69,true
[consuming],218,966.5489447451338,78,8,false,70,false
[producing],219,970.0019849226946,79,9,false,70,false
[producing],220,983.6988216657077,80,10,false,70,false
[con_ready],221,989.7746668351655,80,10,true,70,true
[consuming],222,990.5824677416649,80,9,false,71,false
[con_ready],223,993.1939483102441,80,9,true,71,true
[consuming],224,993.2360743220862,80,8,false,72,false
[con_ready],225,996.4220579589639,80,8,true,72,true
[consuming],226,996.4729305186696,80,7,false,73,false
[con_ready],227,1000.845955652702,80,7,true,73,true
[consuming],228,1001.7512346349272,80,6,false,74,false
[con_ready],229,1017.7710824005294,80,6,true,74,true
[consuming],230,1018.6146212912041,80,5,false,75,false
[con_ready],231,1025.548783445497,80,5,true,75,true
[consuming],232,1026.124251216789,80,4,false,76,false
[con_ready],233,1063.2252538425682,80,4,true,76,true
[consuming],234,1063.7595126968417,80,3,false,77,false
[con_ready],235,1069.4567036049089,80,3,true,77,true
[consuming],236,1070.5959659208706,80,2,false,78,false
[con_ready],237,1076.6918224327956,80,2,true,78,true
[consuming],238,1077.2248539852142,80,1,false,79,false
[con_ready],239,1097.8074407099793,80,1,true,79,true
[consuming],240,1098.8954072034144,80,0,false,80,false
