action,step,time,p,b,serving,c,getting
-,0,0.0,0,0,false,0,false
[producing],1,3.2138340151298688,1,1,false,0,false
[con_ready],2,4.194557670454648,1,1,true,0,true
[consuming],3,5.39674321936102,1,0,false,1,false
[producing],4,22.04369128817634,2,1,false,1,false
[producing],5,25.952059686624807,3,2,false,1,false
[producing],6,26.623819723884495,4,3,false,1,false
[producing],7,27.47439309996221,5,4,false,1,false
[producing],8,44.7135532246553,6,5,false,1,false
[producing],9,46.99869919042378,7,6,false,1,false
[con_ready],10,48.82775101255581,7,6,true,1,true
[consuming],11,50.58320902978045,7,5,false,2,false
[con_ready],12,57.7174609656197,7,5,true,2,true
[consuming],13,58.055448416587204,7,4,false,3,false
[producing],14,60.88940783490634,8,5,false,3,false
[producing],15,67.56691247096515,9,6,false,3,false
[con_ready],16,72.40944230218147,9,6,true,3,true
[consuming],17,72.77959542516109,9,5,false,4,false
[con_ready],18,81.37593062720562,9,5,true,4,true
[consuming],19,82.9121865825481,9,4,false,5,false
[con_ready],20,85.44266935429661,9,4,true,5,true
[consuming],21,86.41135866624788,9,3,false,6,false
[con_ready],22,94.89155939133644,9,3,true,6,true
[consuming],23,94.91935797608765,9,2,false,7,false
[con_ready],24,99.95274066191209,9,2,true,7,true
[consuming],25,100.16695291911383,9,1,false,8,false
[producing],26,107.73151264568766,10,2,false,8,false
[producing],27,123.63144572480721,11,3,false,8,false
[producing],28,142.3347409520332,12,4,false,8,false
[producing],29,163.8441304656566,13,5,false,8,false
[con_ready],30,174.11932625663317,13,5,true,8,true
[consuming],31,174.59229256652566,13,4,false,9,false
[con_ready],32,183.31069006687665,13,4,true,9,true
[consuming],33,183.62535395997816,13,3,false,10,false
[producing],34,202.98026162539708,14,4,false,10,false
[producing],35,206.15067359703514,15,5,false,10,false
[producing],36,210.2733224180828,16,6,false,10,false
[con_ready],37,211.92178478255,16,6,true,10,true
[consuming],38,212.078371844614,16,5,false,11,false
[con_ready],39,223.70953659806838,16,5,true,11,true
[consuming],40,223.8483616346329,16,4,false,12,false
[con_ready],41,236.7558260105416,16,4,true,12,true
[consuming],42,238.4403951879756,16,3,false,13,false
[producing],43,242.02131456015792,17,4,false,13,false
[con_ready],44,244.8093363069566,17,4,true,13,true
[consuming],45,246.69390278370196,17,3,false,14,false
[con_ready],46,249.75487498286157,17,3,true,14,true
[consuming],47,251.0384775717162,17,2,false,15,false
[producing],48,251.9143813546201,18,3,false,15,false
[producing],49,254.58880136504666,19,4,false,15,false
[producing],50,259.89980398921375,20,5,false,15,false
[con_ready],51,260.56333675402294,20,5,true,15,true
[consuming],52,261.34245033843047,20,4,false,16,false
[producing],53,277.1374407221957,21,5,false,16,false
[con_ready],54,281.3940371734722,21,5,true,16,true
[consuming],55,281.85262985931746,21,4,false,17,false
[con_ready],56,289.0867374340709,21,4,true,17,true
[consuming],57,290.9363550918415,21,3,false,18,false
[con_ready],58,294.145601247022,21,3,true,18,true
[consuming],59,296.8078073737994,21,2,false,19,false
[producing],60,318.62927974823083,22,3,false,19,false
[con_ready],61,319.9482476836332,22,3,true,19,true
[consuming],62,319.9639435475535,22,2,false,20,false
[producing],63,321.32108156657665,23,3,false,20,false
[producing],64,322.3762538381482,24,4,false,20,false
[con_ready],65,323.6581200821761,24,4,true,20,true
[consuming],66,323.75951116615,24,3,false,21,false
[producing],67,338.7813986280928,25,4,false,21,false
[producing],68,344.64239226061494,26,5,false,21,false
[con_ready],69,350.29780393824683,26,5,true,21,true
[consuming],70,353.89250711083673,26,4,false,22,false
[producing],71,362.1272697953286,27,5,false,22,false
[producing],72,381.27733317929284,28,6,false,22,false
[producing],73,391.105980617272,29,7,false,22,false
[producing],74,393.8621281280589,30,8,false,22,false
[con_ready],75,405.7328466353234,30,8,true,22,true
[consuming],76,406.16430983858623,30,7,false,23,false
[con_ready],77,406.41010615591796,30,7,true,23,true
[consuming],78,406.5940200612779,30,6,false,24,false
[producing],79,408.3648449846094,31,7,false,24,false
[con_ready],80,411.79997087033706,31,7,true,24,true
[consuming],81,412.3831487827527,31,6,false,25,false
[producing],82,412.9133327471616,32,7,false,25,false
[con_ready],83,423.1919386489142,32,7,true,25,true
[consuming],84,423.33414034753025,32,6,false,26,false
[producing],85,444.6395380891731,33,7,false,26,false
[producing],86,445.1992495312421,34,8,false,26,false
[con_ready],87,454.33047950233004,34,8,true,26,true
[consuming],88,455.5677620959408,34,7,false,27,false
[producing],89,456.1012941286585,35,8,false,27,false
[producing],90,462.0701290409959,36,9,false,27,false
[producing],91,463.5318567646547,37,10,false,27,false
[con_ready],92,465.431080838777,37,10,true,27,true
[consuming],93,465.5825826964435,37,9,false,28,false
[con_ready],94,484.29068439513037,37,9,true,28,true
[consuming],95,484.5576373161999,37,8,false,29,false
[producing],96,495.4770019729746,38,9,false,29,false
[con_ready],97,495.6527562595778,38,9,true,29,true
[consuming],98,495.69962810923266,38,8,false,30,false
[con_ready],99,496.8452620514552,38,8,true,30,true
[consuming],100,500.38194981765406,38,7,false,31,false
[producing],101,501.492151951043,39,8,false,31,false
[producing],102,504.25802090604134,40,9,false,31,false
[con_ready],103,506.25949148052126,40,9,true,31,true
[consuming],104,506.71787084965405,40,8,false,32,false
[producing],105,514.033585061408,41,9,false,32,false
[con_ready],106,517.9646173983651,41,9,true,32,true
[consuming],107,520.0968621288689,41,8,false,33,false
[con_ready],108,520.4011345345784,41,8,true,33,true
[consuming],109,521.4256654913146,41,7,false,34,false
[con_ready],110,526.5523103043162,41,7,true,34,true
[consuming],111,527.2011065836741,41,6,false,35,false
[producing],112,533.6969562407988,42,7,false,35,false
[producing],113,539.1350892530222,43,8,false,35,false
[producing],114,560.91859192246,44,9,false,35,false
[producing],115,561.3684652025937,45,10,false,35,false
[producing],116,562.5848825954275,46,11,false,35,false
[producing],117,564.8691943954476,47,12,false,35,false
[producing],118,569.4128160935896,48,13,false,35,false
[producing],119,570.5026407527741,49,14,false,35,false
[producing],120,571.6759751880162,50,15,false,35,false
[con_ready],121,576.4329969841912,50,15,true,35,true
[consuming],122,576.8675848579578,50,14,false,36,false
[producing],123,592.8048984222912,51,15,false,36,false
[producing],124,603.9630456098157,52,16,false,36,false
[con_ready],125,606.7456122617682,52,16,true,36,true
[consuming],126,608.4614962571017,52,15,false,37,false
[producing],127,616.160370109728,53,16,false,37,false
[con_ready],128,616.2711080044794,53,16,true,37,true
[consuming],129,616.596444377047,53,15,false,38,false
[producing],130,617.0584504498821,54,16,false,38,false
[con_ready],131,626.6416816471655,54,16,true,38,true
[consuming],132,627.7449477218034,54,15,false,39,false
[con_ready],133,629.0267983170693,54,15,true,39,true
[consuming],134,629.2299991012794,54,14,false,40,false
[con_ready],135,643.217064679987,54,14,true,40,true
[consuming],136,644.1810520478042,54,13,false,41,false
[producing],137,645.3149150207448,55,14,false,41,false
[producing],138,650.1973717288581,56,15,false,41,false
[producing],139,650.5439714576718,57,16,false,41,false
[producing],140,656.3980493441295,58,17,false,41,false
[con_ready],141,658.1219120183713,58,17,true,41,true
[consuming],142,658.5573118294795,58,16,false,42,false
[con_ready],143,666.8628489490114,58,16,true,42,true
[consuming],144,667.2061375370118,58,15,false,43,false
[con_ready],145,667.6144795508316,58,15,true,43,true
[consuming],146,667.6419289107109,58,14,false,44,false
[producing],147,672.0576385641689,59,15,false,44,false
[con_ready],148,689.6823596537631,59,15,true,44,true
[consuming],149,690.0168928504958,59,14,false,45,false
[producing],150,692.4466240143361,60,15,false,45,false
[con_ready],151,693.5314818880581,60,15,true,45,true
[consuming],152,695.4684101495388,60,14,false,46,false
[con_ready],153,695.6249399742318,60,14,true,46,true
[consuming],154,695.8577800644624,60,13,false,47,false
[producing],155,699.062080814673,61,14,false,47,false
[con_ready],156,700.9592144449498,61,14,true,47,true
[consuming],157,702.3966114325931,61,13,false,48,false
[con_ready],158,702.9499985228082,61,13,true,48,true
[consuming],159,704.0135339101519,61,12,false,49,false
[producing],160,712.042206914861,62,13,false,49,false
[producing],161,719.5788278915487,63,14,false,49,false
[producing],162,729.5685233295112,64,15,false,49,false
[con_ready],163,731.6625543834402,64,15,true,49,true
[consuming],164,734.9169249624932,64,14,false,50,false
[con_ready],165,742.718941537719,64,14,true,50,true
[consuming],166,744.2955674859519,64,13,false,51,false
[producing],167,747.8399298487702,65,14,false,51,false
[con_ready],168,749.6579347130025,65,14,true,51,true
[consuming],169,750.6115155497923,65,13,false,52,false
[producing],170,750.7559247286955,66,14,false,52,false
[producing],171,750.8020413659835,67,15,false,52,false
[con_ready],172,755.0861138560704,67,15,true,52,true
[consuming],173,755.8812230770751,67,14,false,53,false
[producing],174,766.9220422154763,68,15,false,53,false
[producing],175,768.3007487222586,69,16,false,53,false
[producing],176,769.195235519373,70,17,false,53,false
[producing],177,778.8059312511066,71,18,false,53,false
[producing],178,780.8780892356765,72,19,false,53,false
[producing],179,783.0506578425502,73,20,false,53,false
[con_ready],180,790.0919977416722,73,20,true,53,true
[consuming],181,790.8840210030005,73,19,false,54,false
[producing],182,795.5984398214761,74,20,false,54,false
[producing],183,801.089111888809,75,21,false,54,false
[producing],184,803.4807658468814,76,22,false,54,false
[con_ready],185,808.9243710950248,76,22,true,54,true
[consuming],186,808.9719896176063,76,21,false,55,false
[con_ready],187,819.7630253977866,76,21,true,55,true
[consuming],188,821.0489794482296,76,20,false,56,false
[producing],189,823.0788077058867,77,21,false,56,false
[con_ready],190,831.6603419390553,77,21,true,56,true
[consuming],191,833.9992056022186,77,20,false,57,false
[producing],192,835.2302835687386,78,21,false,57,false
[con_ready],193,838.577614332989,78,21,true,57,true
[consuming],194,839.5786577805069,78,20,false,58,false
[con_ready],195,839.620618887656,78,20,true,58,true
[consuming],196,841.0495394914213,78,19,false,59,false
[producing],197,841.4221841938079,79,20,false,59,false
[producing],198,845.2093823253539,80,21,false,59,false
[con_ready],199,862.1458851991383,80,21,true,59,true
[consuming],200,862.8606674972718,80,20,false,60,false
[con_ready],201,863.4162573670161,80,20,true,60,true
[consuming],202,866.3792924584113,80,19,false,61,false
[con_ready],203,873.4518162301415,80,19,true,61,true
[consuming],204,876.8259725529954,80,18,false,62,false
[con_ready],205,890.4001553359511,80,18,true,62,true
[consuming],206,890.8648316937063,80,17,false,63,false
[con_ready],207,891.5519077697521,80,17,true,63,true
[consuming],208,892.3023268324133,80,16,false,64,false
[con_ready],209,919.4182400902295,80,16,true,64,true
[consuming],210,920.4877334875227,80,15,false,65,false
[con_ready],211,939.649617173656,80,15,true,65,true
[consuming],212,941.3544999302358,80,14,false,66,false
[con_ready],213,947.1423943868066,80,14,true,66,true
[consuming],214,949.0724916836512,80,13,false,67,false
[con_ready],215,952.6048788279006,80,13,true,67,true
[consuming],216,953.6047377270705,80,12,false,68,false
[con_ready],217,974.9183512515406,80,12,true,68,true
[consuming],218,976.4110755422245,80,11,false,69,false
[con_ready],219,978.8348991037216,80,11,true,69,true
[consuming],220,978.8851177624031,80,10,false,70,false
[con_ready],221,988.0205613710417,80,10,true,70,true
[consuming],222,988.967225872914,80,9,false,71,false
[con_ready],223,997.672218308494,80,9,true,71,true
[consuming],224,998.4381579401802,80,8,false,72,false
[con_ready],225,1012.7870187534771,80,8,true,72,true
[consuming],226,1013.1488956438151,80,7,false,73,false
[con_ready],227,1016.4680468163343,80,7,true,73,true
[consuming],228,1016.8039364277298,80,6,false,74,false
[con_ready],229,1019.8595177208349,80,6,true,74,true
[consuming],230,1020.2201214947523,80,5,false,75,false
[con_ready],231,1022.7636070674789,80,5,true,75,true
[consuming],232,1023.9851698492032,80,4,false,76,false
[con_ready],233,1029.8382889115162,80,4,true,76,true
[consuming],234,1030.2704914179171,80,3,false,77,false
[con_ready],235,1043.284826972983,80,3,true,77,true
[consuming],236,1043.4810529450685,80,2,false,78,false
[con_ready],237,1056.8842444655154,80,2,true,78,true
[consuming],238,1057.735252421794,80,1,false,79,false
[con_ready],239,1107.0280616127834,80,1,true,79,true
[consuming],240,1107.2550431264785,80,0,false,80,false
