action,step,time,p,b,serving,c,getting
-,0,0.0,0,0,false,0,false
[producing],1,15.744588952841976,1,1,false,0,false
[producing],2,21.311435234245014,2,2,false,0,false
[producing],3,26.372682311560162,3,3,false,0,false
[producing],4,32.1793928583227,4,4,false,0,false
[con_ready],5,38.801270037350605,4,4,true,0,true
[consuming],6,39.640533153606725,4,3,false,1,false
[producing],7,59.39366241750453,5,4,false,1,false
[producing],8,68.94288261916061,6,5,false,1,false
[con_ready],9,78.69859250385846,6,5,true,1,true
[consuming],10,80.74258834436904,6,4,false,2,false
[con_ready],11,81.73303935953423,6,4,true,2,true
[consuming],12,88.92413206567349,6,3,false,3,false
[producing],13,97.09354297874165,7,4,false,3,false
[producing],14,98.33073183209314,8,5,false,3,false
[producing],15,99.71043660440287,9,6,false,3,false
[producing],16,100.04474186754626,10,7,false,3,false
[producing],17,108.77705186183567,11,8,false,3,false
[producing],18,109.92384769267132,12,9,false,3,false
[con_ready],19,115.10137789909597,12,9,true,3,true
[consuming],20,115.37458693977064,12,8,false,4,false
[producing],21,120.37467519711332,13,9,false,4,false
[con_ready],22,122.41213178211474,13,9,true,4,true
[consuming],23,122.4648170889358,13,8,false,5,false
[producing],24,122.77326149758534,14,9,false,5,false
[con_ready],25,131.3401781137917,14,9,true,5,true
[consuming],26,134.50461902683767,14,8,false,6,false
[producing],27,137.49659724557714,15,9,false,6,false
[producing],28,138.75191307301444,16,10,false,6,false
[producing],29,140.87645924802476,17,11,false,6,false
[producing],30,142.6644760106832,18,12,false,6,false
[producing],31,149.3345917956529,19,13,false,6,false
[producing],32,151.16531147235003,20,14,false,6,false
[con_ready],33,154.37817583309118,20,14,true,6,true
[consuming],34,154.65912269327035,20,13,false,7,false
[con_ready],35,158.44768383090621,20,13,true,7,true
[consuming],36,158.56970842500547,20,12,false,8,false
[producing],37,159.6675815657678,21,13,false,8,false
[con_ready],38,170.10752723268877,21,13,true,8,true
[consuming],39,170.87297219403112,21,12,false,9,false
[con_ready],40,180.5262867574877,21,12,true,9,true
[consuming],41,181.69100622033014,21,11,false,10,false
[producing],42,187.8862155729904,22,12,false,10,false
[con_ready],43,201.93078555928938,22,12,true,10,true
[consuming],44,204.39171173898376,22,11,false,11,false
[producing],45,208.2908274014644,23,12,false,11,false
[con_ready],46,209.8164408385409,23,12,true,11,true
[consuming],47,209.87969436815968,23,11,false,12,false
[producing],48,213.58982472793255,24,12,false,12,false
[con_ready],49,219.42791887820715,24,12,true,12,true
[consuming],50,219.7633910393028,24,11,false,13,false
[con_ready],51,228.93588501742727,24,11,true,13,true
[consuming],52,231.3194354627298,24,10,false,14,false
[con_ready],53,231.6581437859961,24,10,true,14,true
[consuming],54,233.15508959844252,24,9,false,15,false
[producing],55,245.6612795397006,25,10,false,15,false
[con_ready],56,250.11333265420373,25,10,true,15,true
[consuming],57,250.44268840349486,25,9,false,16,false
[producing],58,253.55702227835596,26,10,false,16,false
[con_ready],59,261.67466822326526,26,10,true,16,true
[consuming],60,262.5804274638224,26,9,false,17,false
[con_ready],61,263.908823303124,26,9,true,17,true
[consuming],62,264.5951829729651,26,8,false,18,false
[producing],63,270.98897701231095,27,9,false,18,false
[producing],64,273.06220755280907,28,10,false,18,false
[con_ready],65,275.1040403317957,28,10,true,18,true
[consuming],66,276.29296856956205,28,9,false,19,false
[con_ready],67,277.8473240478927,28,9,true,19,true
[consuming],68,278.43146938245906,28,8,false,20,false
[con_ready],69,290.94049759337275,28,8,true,20,true
[consuming],70,294.5462484185007,28,7,false,21,false
[producing],71,299.30210978704315,29,8,false,21,false
[con_ready],72,302.52553776278575,29,8,true,21,true
[consuming],73,302.6824724970184,29,7,false,22,false
[con_ready],74,305.6972960665652,29,7,true,22,true
[consuming],75,307.44865416984896,29,6,false,23,false
[con_ready],76,313.1428891062879,29,6,true,23,true
[consuming],77,313.55825023648856,29,5,false,24,false
[producing],78,314.6294787694815,30,6,false,24,false
[con_ready],79,314.86494878419813,30,6,true,24,true
[consuming],80,316.5287905446769,30,5,false,25,false
[producing],81,317.9662800038951,31,6,false,25,false
[producing],82,318.2799717970426,32,7,false,25,false
[con_ready],83,319.8790287975803,32,7,true,25,true
[consuming],84,322.5486487305418,32,6,false,26,false
[producing],85,330.6748383079418,33,7,false,26,false
[con_ready],86,336.22471201207907,33,7,true,26,true
[consuming],87,337.21780052364664,33,6,false,27,false
[con_ready],88,338.1409114006005,33,6,true,27,true
[consuming],89,338.64246820597157,33,5,false,28,false
[producing],90,342.2245852918012,34,6,false,28,false
[con_ready],91,349.31443941024816,34,6,true,28,true
[consuming],92,352.42183120270204,34,5,false,29,false
[con_ready],93,356.1389199941576,34,5,true,29,true
[consuming],94,356.8153065425698,34,4,false,30,false
[con_ready],95,377.38885564873175,34,4,true,30,true
[consuming],96,379.41588439255673,34,3,false,31,false
[producing],97,388.80875219621566,35,4,false,31,false
[producing],98,392.91138566609686,36,5,false,31,false
[producing],99,403.2357774175043,37,6,false,31,false
[producing],100,421.45476025687935,38,7,false,31,false
[producing],101,426.95629848526397,39,8,false,31,false
[producing],102,428.36642809734747,40,9,false,31,false
[con_ready],103,431.025435785171,40,9,true,31,true
[consuming],104,433.68508687016475,40,8,false,32,false
[producing],105,452.2891996087476,41,9,false,32,false
[producing],106,453.2378061110971,42,10,false,32,false
[producing],107,458.35252626569377,43,11,false,32,false
[producing],108,459.4830529510283,44,12,false,32,false
[con_ready],109,462.9779088949733,44,12,true,32,true
[consuming],110,463.7099552186499,44,11,false,33,false
[producing],111,472.87792620643273,45,12,false,33,false
[producing],112,479.55432087492653,46,13,false,33,false
[producing],113,480.1153719158755,47,14,false,33,false
[producing],114,480.54655617399544,48,15,false,33,false
[producing],115,494.8689335154333,49,16,false,33,false
[producing],116,496.9055545486609,50,17,false,33,false
[producing],117,502.32822583926463,51,18,false,33,false
[producing],118,503.28658708258257,52,19,false,33,false
[con_ready],119,509.475172139961,52,19,true,33,true
[consuming],120,509.80417673021515,52,18,false,34,false
[producing],121,520.7179115970746,53,19,false,34,false
[con_ready],122,522.5999547441367,53,19,true,34,true
[consuming],123,522.7004494028606,53,18,false,35,false
[producing],124,523.7958692970764,54,19,false,35,false
[producing],125,540.5706164848332,55,20,false,35,false
[con_ready],126,546.9123967272685,55,20,true,35,true
[consuming],127,549.0102207327217,55,19,false,36,false
[con_ready],128,554.9929373763313,55,19,true,36,true
[consuming],129,557.2596165775193,55,18,false,37,false
[con_ready],130,559.1694350154323,55,18,true,37,true
[consuming],131,559.7903625384577,55,17,false,38,false
[con_ready],132,566.2758093307006,55,17,true,38,true
[consuming],133,566.6152777917885,55,16,false,39,false
[producing],134,568.6263547360696,56,17,false,39,false
[producing],135,569.7714609124356,57,18,false,39,false
[con_ready],136,578.1073107052414,57,18,true,39,true
[consuming],137,578.3037266618257,57,17,false,40,false
[producing],138,579.5894586996704,58,18,false,40,false
[con_ready],139,584.7746407758676,58,18,true,40,true
[consuming],140,586.1481971381647,58,17,false,41,false
[con_ready],141,597.5889509349628,58,17,true,41,true
[consuming],142,597.6288465763423,58,16,false,42,false
[producing],143,600.1283451167338,59,17,false,42,false
[con_ready],144,606.2217018902033,59,17,true,42,true
[consuming],145,606.2635332358255,59,16,false,43,false
[producing],146,608.9106439451688,60,17,false,43,false
[producing],147,610.1480236079633,61,18,false,43,false
[con_ready],148,615.100088556476,61,18,true,43,true
[consuming],149,616.0988990595303,61,17,false,44,false
[producing],150,620.5050669933928,62,18,false,44,false
[con_ready],151,623.8775038414797,62,18,true,44,true
[consuming],152,624.4589205798184,62,17,false,45,false
[con_ready],153,630.976033588384,62,17,true,45,true
[consuming],154,633.1853940127763,62,16,false,46,false
[con_ready],155,642.7429911230602,62,16,true,46,true
[consuming],156,645.0234416102245,62,15,false,47,false
[producing],157,647.072182756534,63,16,false,47,false
[producing],158,650.1127478255552,64,17,false,47,false
[con_ready],159,651.1628998870198,64,17,true,47,true
[consuming],160,651.7889587362371,64,16,false,48,false
[con_ready],161,655.1968549474639,64,16,true,48,true
[consuming],162,656.5440485766408,64,15,false,49,false
[producing],163,667.7882736356853,65,16,false,49,false
[producing],164,671.2549968738874,66,17,false,49,false
[con_ready],165,678.2947446988284,66,17,true,49,true
[consuming],166,678.3309998375242,66,16,false,50,false
[producing],167,681.9136358412902,67,17,false,50,false
[con_ready],168,682.1276006996353,67,17,true,50,true
[consuming],169,683.0554640681686,67,16,false,51,false
[producing],170,690.3213047485527,68,17,false,51,false
[producing],171,693.0814871427754,69,18,false,51,false
[producing],172,697.1391409388784,70,19,false,51,false
[con_ready],173,705.3928155677588,70,19,true,51,true
[consuming],174,705.4153874631564,70,18,false,52,false
[producing],175,706.7428627474117,71,19,false,52,false
[con_ready],176,707.3568059225894,71,19,true,52,true
[consuming],177,709.0600713092181,71,18,false,53,false
[producing],178,710.9949826317936,72,19,false,53,false
[producing],179,711.641361713991,73,20,false,53,false
[con_ready],180,723.7340408134966,73,20,true,53,true
[consuming],181,723.9800688808343,73,19,false,54,false
[con_ready],182,725.1522183832925,73,19,true,54,true
[consuming],183,727.643836164302,73,18,false,55,false
[con_ready],184,727.8371359542423,73,18,true,55,true
[consuming],185,728.8727652960739,73,17,false,56,false
[con_ready],186,738.777725340334,73,17,true,56,true
[consuming],187,739.0675552844787,73,16,false,57,false
[con_ready],188,740.3160671828746,73,16,true,57,true
[consuming],189,740.8332294002895,73,15,false,58,false
[con_ready],190,746.6308080785419,73,15,true,58,true
[consuming],191,747.4749904383445,73,14,false,59,false
[producing],192,754.3014154225692,74,15,false,59,false
[producing],193,760.226702308845,75,16,false,59,false
[producing],194,766.6322834756837,76,17,false,59,false
[producing],195,769.7560024912046,77,18,false,59,false
[con_ready],196,772.8545945066526,77,18,true,59,true
[consuming],197,773.418362709067,77,17,false,60,false
[producing],198,775.0820836115541,78,18,false,60,false
[producing],199,785.4868141572529,79,19,false,60,false
[producing],200,808.4770197165027,80,20,false,60,false
[con_ready],201,816.9774736686331,80,20,true,60,true
[consuming],202,817.4693862679796,80,19,false,61,false
[con_ready],203,823.5333394900058,80,19,true,61,true
[consuming],204,824.4471491926943,80,18,false,62,false
[con_ready],205,875.4889550893507,80,18,true,62,true
[consuming],206,876.9611788954145,80,17,false,63,false
[con_ready],207,898.1001188994704,80,17,true,63,true
[consuming],208,898.3886989709721,80,16,false,64,false
[con_ready],209,904.5751347241494,80,16,true,64,true
[consuming],210,905.194382648557,80,15,false,65,false
[con_ready],211,907.7009549339775,80,15,true,65,true
[consuming],212,907.9421757343365,80,14,false,66,false
[con_ready],213,908.9941251488442,80,14,true,66,true
[consuming],214,909.0558227489795,80,13,false,67,false
[con_ready],215,915.7896592614965,80,13,true,67,true
[consuming],216,915.9285287893285,80,12,false,68,false
[con_ready],217,922.6280437309149,80,12,true,68,true
[consuming],218,923.3766123382425,80,11,false,69,false
[con_ready],219,946.8891818246738,80,11,true,69,true
[consuming],220,947.0823812315977,80,10,false,70,false
[con_ready],221,956.1838822386414,80,10,true,70,true
[consuming],222,956.5718075930125,80,9,false,71,false
[con_ready],223,956.8917345795743,80,9,true,71,true
[consuming],224,957.7585979345014,80,8,false,72,false
[con_ready],225,973.5726144367068,80,8,true,72,true
[consuming],226,974.3285931006058,80,7,false,73,false
[con_ready],227,979.1780206103758,80,7,true,73,true
[consuming],228,982.0120960645178,80,6,false,74,false
[con_ready],229,998.7102766229839,80,6,true,74,true
[consuming],230,1001.1421987080247,80,5,false,75,false
[con_ready],231,1015.0079608688518,80,5,true,75,true
[consuming],232,1015.7258741512223,80,4,false,76,false
[con_ready],233,1021.3891858206875,80,4,true,76,true
[consuming],234,1021.986292823025,80,3,false,77,false
[con_ready],235,1025.7727138117318,80,3,true,77,true
[consuming],236,1026.8154662014283,80,2,false,78,false
[con_ready],237,1030.3650108129812,80,2,true,78,true
[consuming],238,1031.5776155650804,80,1,false,79,false
[con_ready],239,1044.9743462635304,80,1,true,79,true
[consuming],240,1045.5358530378546,80,0,false,80,false
