action,step,time,p,b,serving,c,getting
-,0,0.0,0,0,false,0,false
[producing],1,2.8608779862880325,1,1,false,0,false
[con_ready],2,22.740429385750243,1,1,true,0,true
[consuming],3,23.300562163973428,1,0,false,1,false
[producing],4,32.00482536804601,2,1,false,1,false
[con_ready],5,35.242077527343895,2,1,true,1,true
[consuming],6,36.23637315376202,2,0,false,2,false
[producing],7,40.15896466281129,3,1,false,2,false
[producing],8,40.789430370288535,4,2,false,2,false
[producing],9,47.66936713977813,5,3,false,2,false
[producing],10,48.67613809816523,6,4,false,2,false
[producing],11,48.687154861704904,7,5,false,2,false
[con_ready],12,61.11607651083812,7,5,true,2,true
[consuming],13,62.846250560080165,7,4,false,3,false
[con_ready],14,64.99127474198377,7,4,true,3,true
[consuming],15,65.7882118843355,7,3,false,4,false
[con_ready],16,80.96830251575787,7,3,true,4,true
[consuming],17,81.37033742644431,7,2,false,5,false
[con_ready],18,83.95987658339916,7,2,true,5,true
[consuming],19,84.13620829343168,7,1,false,6,false
[con_ready],20,97.18531182888934,7,1,true,6,true
[consuming],21,97.91424425434819,7,0,false,7,false
[producing],22,125.01770108179802,8,1,false,7,false
[producing],23,156.8364527994184,9,2,false,7,false
[con_ready],24,157.3810942192066,9,2,true,7,true
[consuming],25,158.46785032155765,9,1,false,8,false
[con_ready],26,161.17813505425048,9,1,true,8,true
[consuming],27,161.50415586685529,9,0,false,9,false
[producing],28,171.2667681231462,10,1,false,9,false
[con_ready],29,185.4190377168416,10,1,true,9,true
[consuming],30,185.45744653918712,10,0,false,10,false
[producing],31,226.70950914522888,11,1,false,10,false
[producing],32,232.820913185779,12,2,false,10,false
[producing],33,243.22747734969673,13,3,false,10,false
[con_ready],34,245.76839890270273,13,3,true,10,true
[consuming],35,247.26386199275518,13,2,false,11,false
[producing],36,248.551560166357,14,3,false,11,false
[con_ready],37,251.78937886371233,14,3,true,11,true
[consuming],38,252.2717386449121,14,2,false,12,false
[con_ready],39,253.6118057457621,14,2,true,12,true
[consuming],40,253.72838276152208,14,1,false,13,false
[producing],41,259.91962258000854,15,2,false,13,false
[con_ready],42,261.4060557220012,15,2,true,13,true
[consuming],43,262.3134704038919,15,1,false,14,false
[producing],44,270.72664177025774,16,2,false,14,false
[con_ready],45,278.71083983684866,16,2,true,14,true
[consuming],46,279.74540997945445,16,1,false,15,false
[producing],47,283.36643231300326,17,2,false,15,false
[con_ready],48,284.21393137005543,17,2,true,15,true
[consuming],49,284.4086689005285,17,1,false,16,false
[producing],50,287.6846513137331,18,2,false,16,false
[producing],51,287.7574213477291,19,3,false,16,false
[con_ready],52,288.0041364049919,19,3,true,16,true
[consuming],53,288.28471438838267,19,2,false,17,false
[con_ready],54,296.27040583449104,19,2,true,17,true
[consuming],55,298.4885418820033,19,1,false,18,false
[con_ready],56,299.00033005014524,19,1,true,18,true
[consuming],57,299.9041686365597,19,0,false,19,false
[producing],58,316.5139026470933,20,1,false,19,false
[producing],59,318.83363175565114,21,2,false,19,false
[con_ready],60,321.30271987356014,21,2,true,19,true
[consuming],61,321.4913930320741,21,1,false,20,false
[con_ready],62,327.8993540473055,21,1,true,20,true
[consuming],63,330.00707897775123,21,0,false,21,false
[producing],64,331.30229463928856,22,1,false,21,false
[producing],65,363.0575992435761,23,2,false,21,false
[producing],66,363.77226241594366,24,3,false,21,false
[producing],67,371.9486337313415,25,4,false,21,false
[con_ready],68,373.30655743999864,25,4,true,21,true
[consuming],69,373.7384590226387,25,3,false,22,false
[con_ready],70,373.8179205962132,25,3,true,22,true
[consuming],71,374.4073872961471,25,2,false,23,false
[producing],72,378.4987885928055,26,3,false,23,false
[producing],73,387.4537228289135,27,4,false,23,false
[con_ready],74,395.02314561983474,27,4,true,23,true
[consuming],75,395.5990071745305,27,3,false,24,false
[con_ready],76,399.06656586742065,27,3,true,24,true
[consuming],77,400.8047113164415,27,2,false,25,false
[con_ready],78,404.8226202279057,27,2,true,25,true
[consuming],79,405.1863658131596,27,1,false,26,false
[producing],80,410.82345260327384,28,2,false,26,false
[producing],81,419.40958099865776,29,3,false,26,false
[producing],82,456.89038665226246,30,4,false,26,false
[producing],83,467.51056220303514,31,5,false,26,false
[con_ready],84,468.1767823080822,31,5,true,26,true
[consuming],85,470.6900025703673,31,4,false,27,false
[con_ready],86,476.9314694096546,31,4,true,27,true
[consuming],87,477.4982029284692,31,3,false,28,false
[producing],88,482.54050464317027,32,4,false,28,false
[con_ready],89,489.6712642419219,32,4,true,28,true
[consuming],90,491.5614948821425,32,3,false,29,false
[producing],91,492.5100363072869,33,4,false,29,false
[con_ready],92,493.4407752209791,33,4,true,29,true
[consuming],93,496.02704626013633,33,3,false,30,false
[con_ready],94,529.7493946645201,33,3,true,30,true
[consuming],95,531.3554661950343,33,2,false,31,false
[con_ready],96,533.5348035251355,33,2,true,31,true
[consuming],97,533.9523013041307,33,1,false,32,false
[producing],98,538.7795881149972,34,2,false,32,false
[con_ready],99,551.8698388686284,34,2,true,32,true
[consuming],100,553.0292574691488,34,1,false,33,false
[producing],101,556.6315258961091,35,2,false,33,false
[producing],102,559.5424372951799,36,3,false,33,false
[producing],103,586.4135182313775,37,4,false,33,false
[producing],104,596.2699807720549,38,5,false,33,false
[con_ready],105,597.4754461541,38,5,true,33,true
[consuming],106,599.5043458025442,38,4,false,34,false
[producing],107,604.3282166686917,39,5,false,34,false
[con_ready],108,611.2976057065586,39,5,true,34,true
[consuming],109,611.5632205407326,39,4,false,35,false
[producing],110,615.9573148047115,40,5,false,35,false
[producing],111,623.5430094204132,41,6,false,35,false
[con_ready],112,630.3732366249235,41,6,true,35,true
[consuming],113,631.3976189965064,41,5,false,36,false
[con_ready],114,631.9356192188073,41,5,true,36,true
[consuming],115,633.2333499924533,41,4,false,37,false
[con_ready],116,655.6399168518396,41,4,true,37,true
[consuming],117,656.9066201941508,41,3,false,38,false
[con_ready],118,663.5534570966544,41,3,true,38,true
[consuming],119,664.5317359046587,41,2,false,39,false
[con_ready],120,676.5042648729886,41,2,true,39,true
[consuming],121,677.6396647083209,41,1,false,40,false
[producing],122,679.0578715581152,42,2,false,40,false
[producing],123,679.1597611308027,43,3,false,40,false
[con_ready],124,682.7197079725848,43,3,true,40,true
[consuming],125,685.5973412456842,43,2,false,41,false
[producing],126,695.3409455378836,44,3,false,41,false
[con_ready],127,696.335119826611,44,3,true,41,true
[consuming],128,696.6511350046123,44,2,false,42,false
[con_ready],129,699.5911940781476,44,2,true,42,true
[consuming],130,699.9845747009678,44,1,false,43,false
[producing],131,706.0194393901153,45,2,false,43,false
[producing],132,712.1254715833234,46,3,false,43,false
[producing],133,743.5644020547944,47,4,false,43,false
[producing],134,744.2384827342499,48,5,false,43,false
[producing],135,762.6784715092024,49,6,false,43,false
[producing],136,765.7865530414175,50,7,false,43,false
[producing],137,766.4317286884345,51,8,false,43,false
[producing],138,766.5877091520643,52,9,false,43,false
[producing],139,768.9805585631918,53,10,false,43,false
[producing],140,773.8114742337235,54,11,false,43,false
[producing],141,778.6954727400575,55,12,false,43,false
[producing],142,782.8311584083946,56,13,false,43,false
[producing],143,791.1665865443025,57,14,false,43,false
[producing],144,795.1593426223785,58,15,false,43,false
[con_ready],145,799.2968108774722,58,15,true,43,true
[consuming],146,800.0669711949848,58,14,false,44,false
[con_ready],147,810.7321458574596,58,14,true,44,true
[consuming],148,810.8971076435138,58,13,false,45,false
[con_ready],149,824.3721444446012,58,13,true,45,true
[consuming],150,825.4967703294874,58,12,false,46,false
[con_ready],151,831.825111257403,58,12,true,46,true
[consuming],152,833.2566763666938,58,11,false,47,false
[producing],153,843.3289349496264,59,12,false,47,false
[producing],154,863.2751176051795,60,13,false,47,false
[producing],155,868.3373744153911,61,14,false,47,false
[producing],156,871.716705258156,62,15,false,47,false
[producing],157,873.204775398646,63,16,false,47,false
[con_ready],158,873.2842198051667,63,16,true,47,true
[consuming],159,874.277905070462,63,15,false,48,false
[con_ready],160,885.8085869060993,63,15,true,48,true
[consuming],161,886.9033309404264,63,14,false,49,false
[con_ready],162,911.8827225671589,63,14,true,49,true
[consuming],163,912.2459303902789,63,13,false,50,false
[producing],164,925.3059246389297,64,14,false,50,false
[producing],165,931.6292695081128,65,15,false,50,false
[con_ready],166,932.4979244307622,65,15,true,50,true
[consuming],167,934.1278140273753,65,14,false,51,false
[producing],168,934.4735986319034,66,15,false,51,false
[producing],169,934.7279650432207,67,16,false,51,false
[producing],170,934.750258476794,68,17,false,51,false
[con_ready],171,935.121864652952,68,17,true,51,true
[consuming],172,935.5974874137845,68,16,false,52,false
[producing],173,939.7113147266986,69,17,false,52,false
[producing],174,943.5989156769186,70,18,false,52,false
[producing],175,958.8600951582001,71,19,false,52,false
[producing],176,960.4585051175777,72,20,false,52,false
[con_ready],177,960.5371975953184,72,20,true,52,true
[consuming],178,960.7729560517928,72,19,false,53,false
[con_ready],179,970.213562811173,72,19,true,53,true
[consuming],180,970.8966013644687,72,18,false,54,false
[con_ready],181,979.5348863807542,72,18,true,54,true
[consuming],182,981.753930959997,72,17,false,55,false
[producing],183,983.8981001647402,73,18,false,55,false
[con_ready],184,1000.2275387803431,73,18,true,55,true
[consuming],185,1001.907197000786,73,17,false,56,false
[producing],186,1002.6749574618239,74,18,false,56,false
[producing],187,1003.5261877058459,75,19,false,56,false
[con_ready],188,1003.535972215473,75,19,true,56,true
[consuming],189,1003.9536362678324,75,18,false,57,false
[producing],190,1004.2278750976533,76,19,false,57,false
[con_ready],191,1005.7849067397815,76,19,true,57,true
[consuming],192,1007.1421369186386,76,18,false,58,false
[producing],193,1010.3033892562534,77,19,false,58,false
[con_ready],194,1016.3471464411895,77,19,true,58,true
[consuming],195,1016.4626079179848,77,18,false,59,false
[producing],196,1018.978010488252,78,19,false,59,false
[con_ready],197,1036.1914805774438,78,19,true,59,true
[consuming],198,1036.9687470800218,78,18,false,60,false
[con_ready],199,1052.0428683314426,78,18,true,60,true
[consuming],200,1052.076132929497,78,17,false,61,false
[con_ready],201,1058.9783174743657,78,17,true,61,true
[consuming],202,1059.0563551744422,78,16,false,62,false
[con_ready],203,1064.032901338177,78,16,true,62,true
[consuming],204,1065.1388419911991,78,15,false,63,false
[con_ready],205,1075.4028078965198,78,15,true,63,true
[consuming],206,1076.6295955638795,78,14,false,64,false
[producing],207,1080.82967832387,79,15,false,64,false
[producing],208,1095.9346016505162,80,16,false,64,false
[con_ready],209,1102.9945483226916,80,16,true,64,true
[consuming],210,1104.3630440611153,80,15,false,65,false
[con_ready],211,1106.3346786824163,80,15,true,65,true
[consuming],212,1107.9096405799312,80,14,false,66,false
[con_ready],213,1114.7909892741532,80,14,true,66,true
[consuming],214,1115.5767044407492,80,13,false,67,false
[con_ready],215,1236.47006145684,80,13,true,67,true
[consuming],216,1236.6236929730123,80,12,false,68,false
[con_ready],217,1264.8570481385552,80,12,true,68,true
[consuming],218,1265.496512033637,80,11,false,69,false
[con_ready],219,1268.335090386623,80,11,true,69,true
[consuming],220,1269.521420261456,80,10,false,70,false
[con_ready],221,1278.7486660781558,80,10,true,70,true
[consuming],222,1279.0043480163235,80,9,false,71,false
[con_ready],223,1289.173922072983,80,9,true,71,true
[consuming],224,1290.820466759612,80,8,false,72,false
[con_ready],225,1306.9516568636407,80,8,true,72,true
[consuming],226,1307.488396858908,80,7,false,73,false
[con_ready],227,1349.4679275158019,80,7,true,73,true
[consuming],228,1350.272434691641,80,6,false,74,false
[con_ready],229,1363.653907044308,80,6,true,74,true
[consuming],230,1364.312086732573,80,5,false,75,false
[con_ready],231,1411.346771080646,80,5,true,75,true
[consuming],232,1412.3523927466795,80,4,false,76,false
[con_ready],233,1452.8258715601578,80,4,true,76,true
[consuming],234,1453.0058512056569,80,3,false,77,false
[con_ready],235,1453.8772019375028,80,3,true,77,true
[consuming],236,1454.4998852185188,80,2,false,78,false
[con_ready],237,1460.733328637561,80,2,true,78,true
[consuming],238,1461.4317570483245,80,1,false,79,false
[con_ready],239,1485.2549202952764,80,1,true,79,true
[consuming],240,1485.3710643524648,80,0,false,80,false
