action,step,time,p,b,serving,c,getting
-,0,0.0,0,0,false,0,false
[producing],1,32.28286426823502,1,1,false,0,false
[producing],2,37.00253166119292,2,2,false,0,false
[producing],3,37.709188390441874,3,3,false,0,false
[con_ready],4,40.040326176347705,3,3,true,0,true
[consuming],5,40.079796599131136,3,2,false,1,false
[producing],6,47.046663383040794,4,3,false,1,false
[con_ready],7,55.71032028917967,4,3,true,1,true
[consuming],8,55.7655684772075,4,2,false,2,false
[con_ready],9,64.36532710351077,4,2,true,2,true
[consuming],10,65.20812830138239,4,1,false,3,false
[producing],11,65.62499688972008,5,2,false,3,false
[con_ready],12,73.91829551008864,5,2,true,3,true
[consuming],13,74.08841434053681,5,1,false,4,false
[con_ready],14,81.96578378891859,5,1,true,4,true
[consuming],15,82.35726476347153,5,0,false,5,false
[producing],16,84.77763763868448,6,1,false,5,false
[con_ready],17,94.23141860481124,6,1,true,5,true
[consuming],18,94.26021620644512,6,0,false,6,false
[producing],19,109.83015917407043,7,1,false,6,false
[con_ready],20,110.78825748664404,7,1,true,6,true
[consuming],21,112.65515071704432,7,0,false,7,false
[producing],22,118.44099337495841,8,1,false,7,false
[con_ready],23,124.14594762943102,8,1,true,7,true
[consuming],24,124.36400884342493,8,0,false,8,false
[producing],25,125.16539375897528,9,1,false,8,false
[producing],26,128.91829585345937,10,2,false,8,false
[producing],27,155.0212027990249,11,3,false,8,false
[con_ready],28,166.1094965332977,11,3,true,8,true
[consuming],29,168.03149421477383,11,2,false,9,false
[producing],30,168.72637319497355,12,3,false,9,false
[producing],31,171.30846437704702,13,4,false,9,false
[producing],32,184.90920687435636,14,5,false,9,false
[con_ready],33,200.65685032192445,14,5,true,9,true
[consuming],34,202.6925314661935,14,4,false,10,false
[producing],35,207.27338014517656,15,5,false,10,false
[producing],36,217.32368911807288,16,6,false,10,false
[producing],37,217.3852920313417,17,7,false,10,false
[con_ready],38,221.65079033007876,17,7,true,10,true
[consuming],39,222.07905802455505,17,6,false,11,false
[con_ready],40,229.70540549663738,17,6,true,11,true
[consuming],41,231.35774112773603,17,5,false,12,false
[producing],42,248.9691593957714,18,6,false,12,false
[con_ready],43,252.87218420561481,18,6,true,12,true
[consuming],44,253.41307735733034,18,5,false,13,false
[con_ready],45,254.5181131060807,18,5,true,13,true
[consuming],46,256.81672874342695,18,4,false,14,false
[con_ready],47,260.67262885171596,18,4,true,14,true
[consuming],48,260.7572261179982,18,3,false,15,false
[producing],49,262.8441818902179,19,4,false,15,false
[con_ready],50,268.0370386524957,19,4,true,15,true
[consuming],51,268.75185124723197,19,3,false,16,false
[con_ready],52,273.1734116035196,19,3,true,16,true
[consuming],53,273.57215332842355,19,2,false,17,false
[producing],54,274.79089276722846,20,3,false,17,false
[con_ready],55,275.8406261387692,20,3,true,17,true
[consuming],56,277.6401095480782,20,2,false,18,false
[con_ready],57,295.66005472390077,20,2,true,18,true
[consuming],58,295.6916171423652,20,1,false,19,false
[con_ready],59,303.9383985016087,20,1,true,19,true
[consuming],60,305.12690949537813,20,0,false,20,false
[producing],61,305.54569002640017,21,1,false,20,false
[producing],62,309.2090757313747,22,2,false,20,false
[producing],63,311.0830867605948,23,3,false,20,false
[con_ready],64,314.23626549108485,23,3,true,20,true
[consuming],65,316.11962006930816,23,2,false,21,false
[producing],66,320.1754047169558,24,3,false,21,false
[producing],67,323.0599904805266,25,4,false,21,false
[producing],68,323.1149550985443,26,5,false,21,false
[producing],69,337.6298715650388,27,6,false,21,false
[con_ready],70,346.6188933429328,27,6,true,21,true
[consuming],71,348.0284371881095,27,5,false,22,false
[con_ready],72,349.91226076618216,27,5,true,22,true
[consuming],73,350.35074571954357,27,4,false,23,false
[producing],74,361.6551432136972,28,5,false,23,false
[producing],75,384.0495057161196,29,6,false,23,false
[producing],76,389.06664373988565,30,7,false,23,false
[con_ready],77,390.67882345561986,30,7,true,23,true
[consuming],78,391.8647313167261,30,6,false,24,false
[con_ready],79,393.28242385149866,30,6,true,24,true
[consuming],80,395.2564287367896,30,5,false,25,false
[producing],81,413.05340261137184,31,6,false,25,false
[con_ready],82,414.1505320694144,31,6,true,25,true
[consuming],83,416.50844120182563,31,5,false,26,false
[con_ready],84,441.3977842180996,31,5,true,26,true
[consuming],85,441.9606429362171,31,4,false,27,false
[producing],86,442.24735575219586,32,5,false,27,false
[con_ready],87,444.3166659527686,32,5,true,27,true
[consuming],88,445.5789002323451,32,4,false,28,false
[con_ready],89,445.8174914590426,32,4,true,28,true
[consuming],90,445.9729886757014,32,3,false,29,false
[con_ready],91,449.0303594723403,32,3,true,29,true
[consuming],92,449.1728785702211,32,2,false,30,false
[producing],93,454.74310089010976,33,3,false,30,false
[con_ready],94,460.29974484349873,33,3,true,30,true
[consuming],95,460.35150527711426,33,2,false,31,false
[producing],96,461.0774247028356,34,3,false,31,false
[producing],97,478.24206556028383,35,4,false,31,false
[con_ready],98,486.4303347229847,35,4,true,31,true
[consuming],99,487.3797293168827,35,3,false,32,false
[producing],100,490.55953389357387,36,4,false,32,false
[producing],101,491.49056281524173,37,5,false,32,false
[con_ready],102,502.90008803306773,37,5,true,32,true
[consuming],103,509.53678144183255,37,4,false,33,false
[con_ready],104,510.9922742197648,37,4,true,33,true
[consuming],105,511.1208424250735,37,3,false,34,false
[producing],106,513.9120274061077,38,4,false,34,false
[producing],107,514.7130812473874,39,5,false,34,false
[con_ready],108,517.2788672946268,39,5,true,34,true
[consuming],109,518.7882114772993,39,4,false,35,false
[con_ready],110,520.6094103293748,39,4,true,35,true
[consuming],111,522.3330748203346,39,3,false,36,false
[con_ready],112,525.5764363571088,39,3,true,36,true
[consuming],113,526.1854970998857,39,2,false,37,false
[producing],114,535.4388766677632,40,3,false,37,false
[con_ready],115,537.5362165068977,40,3,true,37,true
[consuming],116,538.766540382179,40,2,false,38,false
[con_ready],117,539.6234108195406,40,2,true,38,true
[consuming],118,539.9498906613863,40,1,false,39,false
[producing],119,541.7896760975376,41,2,false,39,false
[producing],120,548.6445153023008,42,3,false,39,false
[con_ready],121,554.0060603986205,42,3,true,39,true
[consuming],122,555.0236238119502,42,2,false,40,false
[producing],123,568.5683099729608,43,3,false,40,false
[con_ready],124,571.9042157219627,43,3,true,40,true
[consuming],125,572.0881570678886,43,2,false,41,false
[con_ready],126,573.8815939741911,43,2,true,41,true
[consuming],127,574.7072692888988,43,1,false,42,false
[producing],128,580.273024006005,44,2,false,42,false
[con_ready],129,590.6644450539112,44,2,true,42,true
[consuming],130,591.404979534358,44,1,false,43,false
[producing],131,592.9379636122959,45,2,false,43,false
[producing],132,594.7506417762363,46,3,false,43,false
[producing],133,604.5764037378163,47,4,false,43,false
[con_ready],134,607.269257983907,47,4,true,43,true
[consuming],135,607.3825847461837,47,3,false,44,false
[con_ready],136,611.7748323129082,47,3,true,44,true
[consuming],137,611.9640650274105,47,2,false,45,false
[con_ready],138,620.6222735556977,47,2,true,45,true
[consuming],139,621.3338539154183,47,1,false,46,false
[producing],140,626.8831204090037,48,2,false,46,false
[con_ready],141,631.5582221130418,48,2,true,46,true
[consuming],142,631.9021957625156,48,1,false,47,false
[con_ready],143,635.095157888317,48,1,true,47,true
[consuming],144,635.1537555486416,48,0,false,48,false
[producing],145,647.3128954985507,49,1,false,48,false
[producing],146,659.1761722774642,50,2,false,48,false
[producing],147,666.084189931457,51,3,false,48,false
[con_ready],148,668.620843030499,51,3,true,48,true
[consuming],149,671.9588410517968,51,2,false,49,false
[con_ready],150,673.5770082025672,51,2,true,49,true
[consuming],151,675.5665625036825,51,1,false,50,false
[producing],152,684.3791925911703,52,2,false,50,false
[producing],153,690.5914530358193,53,3,false,50,false
[producing],154,691.0862892136597,54,4,false,50,false
[con_ready],155,703.7082839555861,54,4,true,50,true
[consuming],156,704.5089740440543,54,3,false,51,false
[producing],157,707.290599671117,55,4,false,51,false
[producing],158,722.5016004299264,56,5,false,51,false
[producing],159,725.9082471914044,57,6,false,51,false
[producing],160,730.7112525373377,58,7,false,51,false
[con_ready],161,745.4579038346935,58,7,true,51,true
[consuming],162,746.0609343164472,58,6,false,52,false
[producing],163,750.101363290332,59,7,false,52,false
[producing],164,752.3397287101063,60,8,false,52,false
[producing],165,756.3332361133356,61,9,false,52,false
[producing],166,758.7033765672202,62,10,false,52,false
[con_ready],167,759.1460967130697,62,10,true,52,true
[consuming],168,759.2008423544838,62,9,false,53,false
[con_ready],169,765.3913829510451,62,9,true,53,true
[consuming],170,765.8832281228547,62,8,false,54,false
[con_ready],171,770.1599785146542,62,8,true,54,true
[consuming],172,770.8528346056823,62,7,false,55,false
[con_ready],173,779.3282021779307,62,7,true,55,true
[consuming],174,780.0538050038167,62,6,false,56,false
[producing],175,782.3845021917983,63,7,false,56,false
[producing],176,791.033002740855,64,8,false,56,false
[con_ready],177,794.0549835177685,64,8,true,56,true
[consuming],178,794.4866183946,64,7,false,57,false
[producing],179,794.8964093380341,65,8,false,57,false
[producing],180,795.5774983630765,66,9,false,57,false
[con_ready],181,798.6907819502493,66,9,true,57,true
[consuming],182,798.8134102956349,66,8,false,58,false
[producing],183,807.1693577603128,67,9,false,58,false
[con_ready],184,811.7394735862557,67,9,true,58,true
[consuming],185,811.8488607884132,67,8,false,59,false
[con_ready],186,825.7181835265621,67,8,true,59,true
[consuming],187,825.9027418630067,67,7,false,60,false
[producing],188,831.0441602011492,68,8,false,60,false
[producing],189,835.4336893406814,69,9,false,60,false
[producing],190,839.1623743433759,70,10,false,60,false
[producing],191,842.360684069185,71,11,false,60,false
[con_ready],192,842.8694182336058,71,11,true,60,true
[consuming],193,844.9855480867325,71,10,false,61,false
[producing],194,870.9541692583572,72,11,false,61,false
[con_ready],195,873.734628100649,72,11,true,61,true
[consuming],196,880.7702215719323,72,10,false,62,false
[producing],197,895.1148909679631,73,11,false,62,false
[producing],198,899.4954418714475,74,12,false,62,false
[con_ready],199,902.2611269877477,74,12,true,62,true
[consuming],200,905.3189791963781,74,11,false,63,false
[con_ready],201,913.0361839489028,74,11,true,63,true
[consuming],202,913.4953778722597,74,10,false,64,false
[con_ready],203,930.4640562942288,74,10,true,64,true
[consuming],204,930.6086313711352,74,9,false,65,false
[con_ready],205,930.8182877831264,74,9,true,65,true
[consuming],206,931.077004009638,74,8,false,66,false
[con_ready],207,933.1769998747641,74,8,true,66,true
[consuming],208,933.2343965076823,74,7,false,67,false
[producing],209,936.6493743194121,75,8,false,67,false
[con_ready],210,939.2383681752444,75,8,true,67,true
[consuming],211,939.3002750171023,75,7,false,68,false
[con_ready],212,953.8990301548147,75,7,true,68,true
[consuming],213,954.9191606111026,75,6,false,69,false
[producing],214,959.6457382856578,76,7,false,69,false
[producing],215,964.0423688129704,77,8,false,69,false
[con_ready],216,969.1347488217906,77,8,true,69,true
[consuming],217,970.2715508050136,77,7,false,70,false
[producing],218,970.9498398115343,78,8,false,70,false
[producing],219,973.269925861203,79,9,false,70,false
[con_ready],220,977.4113301646122,79,9,true,70,true
[consuming],221,980.6119073097876,79,8,false,71,false
[producing],222,985.383640106889,80,9,false,71,false
[con_ready],223,987.3441331829636,80,9,true,71,true
[consuming],224,988.9645920940881,80,8,false,72,false
[con_ready],225,993.832688081916,80,8,true,72,true
[consuming],226,995.7715981749569,80,7,false,73,false
[con_ready],227,1002.1916011443581,80,7,true,73,true
[consuming],228,1002.6278208597188,80,6,false,74,false
[con_ready],229,1010.8587267019755,80,6,true,74,true
[consuming],230,1011.4102200703355,80,5,false,75,false
[con_ready],231,1011.8046121673239,80,5,true,75,true
[consuming],232,1013.7978601942115,80,4,false,76,false
[con_ready],233,1014.4438803809581,80,4,true,76,true
[consuming],234,1015.4675213605186,80,3,false,77,false
[con_ready],235,1034.1770845109138,80,3,true,77,true
[consuming],236,1036.9833353934457,80,2,false,78,false
[con_ready],237,1037.0211961973557,80,2,true,78,true
[consuming],238,1037.531470661351,80,1,false,79,false
[con_ready],239,1038.61729029254,80,1,true,79,true
[consuming],240,1038.7054157944465,80,0,false,80,false
