action,step,time,p,b,serving,c,getting
-,0,0.0,0,0,false,0,false
[producing],1,17.322508607159868,1,1,false,0,false
[con_ready],2,21.404245361514903,1,1,true,0,true
[consuming],3,23.076690886011498,1,0,false,1,false
[producing],4,36.16618369068166,2,1,false,1,false
[con_ready],5,38.56996951117455,2,1,true,1,true
[consuming],6,40.021804972114296,2,0,false,2,false
[producing],7,61.76766468496837,3,1,false,2,false
[con_ready],8,77.49132719356989,3,1,true,2,true
[consuming],9,78.5353747873605,3,0,false,3,false
[producing],10,87.06869794173956,4,1,false,3,false
[producing],11,99.22173264195474,5,2,false,3,false
[con_ready],12,109.0226173150475,5,2,true,3,true
[consuming],13,109.41729405370884,5,1,false,4,false
[producing],14,111.13158895964303,6,2,false,4,false
[con_ready],15,114.5521747619859,6,2,true,4,true
[consuming],16,114.88923912604741,6,1,false,5,false
[producing],17,115.60810831266846,7,2,false,5,false
[con_ready],18,134.37872409066745,7,2,true,5,true
[consuming],19,135.36123173365664,7,1,false,6,false
[producing],20,142.6643507906015,8,2,false,6,false
[producing],21,144.75275117586546,9,3,false,6,false
[producing],22,151.1379645707935,10,4,false,6,false
[producing],23,152.58721639097243,11,5,false,6,false
[con_ready],24,160.26588333964065,11,5,true,6,true
[consuming],25,160.82732635495088,11,4,false,7,false
[con_ready],26,160.93302001272775,11,4,true,7,true
[consuming],27,161.00810981783167,11,3,false,8,false
[producing],28,166.22716467714127,12,4,false,8,false
[producing],29,166.82393027667982,13,5,false,8,false
[producing],30,167.09773115422806,14,6,false,8,false
[producing],31,170.1089920153512,15,7,false,8,false
[con_ready],32,181.5126481484566,15,7,true,8,true
[consuming],33,181.71362409958056,15,6,false,9,false
[producing],34,183.2365937598575,16,7,false,9,false
[con_ready],35,186.55467631365372,16,7,true,9,true
[consuming],36,187.33147914397935,16,6,false,10,false
[con_ready],37,188.49351297973905,16,6,true,10,true
[consuming],38,188.56816429978295,16,5,false,11,false
[con_ready],39,190.50134143528015,16,5,true,11,true
[consuming],40,191.45812815894593,16,4,false,12,false
[producing],41,198.8041122958685,17,5,false,12,false
[producing],42,202.15736480538763,18,6,false,12,false
[producing],43,212.36224509135585,19,7,false,12,false
[producing],44,215.40380030089818,20,8,false,12,false
[con_ready],45,218.93975709709383,20,8,true,12,true
[consuming],46,219.5947984962161,20,7,false,13,false
[con_ready],47,221.02534340918592,20,7,true,13,true
[consuming],48,221.22950528213215,20,6,false,14,false
[con_ready],49,225.75700162202503,20,6,true,14,true
[consuming],50,226.00058323273566,20,5,false,15,false
[con_ready],51,231.74617287014044,20,5,true,15,true
[consuming],52,233.90480952232969,20,4,false,16,false
[producing],53,234.25879033675056,21,5,false,16,false
[con_ready],54,244.27787328459303,21,5,true,16,true
[consuming],55,244.77166522037595,21,4,false,17,false
[producing],56,245.75037275429636,22,5,false,17,false
[con_ready],57,254.13051660784532,22,5,true,17,true
[consuming],58,254.5679984588689,22,4,false,18,false
[con_ready],59,263.809993907093,22,4,true,18,true
[consuming],60,263.91131898854394,22,3,false,19,false
[producing],61,271.1341590040349,23,4,false,19,false
[con_ready],62,272.59520230231567,23,4,true,19,true
[consuming],63,273.7790196301355,23,3,false,20,false
[con_ready],64,285.1475217510686,23,3,true,20,true
[consuming],65,285.2154788632726,23,2,false,21,false
[producing],66,297.2850381446643,24,3,false,21,false
[producing],67,298.86154080721155,25,4,false,21,false
[con_ready],68,301.6106961019869,25,4,true,21,true
[consuming],69,302.0977253921374,25,3,false,22,false
[producing],70,303.47974211032283,26,4,false,22,false
[producing],71,319.50748295378617,27,5,false,22,false
[producing],72,319.80644482124956,28,6,false,22,false
[con_ready],73,320.557132331745,28,6,true,22,true
[consuming],74,320.8278282109849,28,5,false,23,false
[con_ready],75,345.05183982345864,28,5,true,23,true
[consuming],76,348.2998613483602,28,4,false,24,false
[producing],77,349.32722598340786,29,5,false,24,false
[con_ready],78,350.32012070620937,29,5,true,24,true
[consuming],79,350.82459161350323,29,4,false,25,false
[con_ready],80,358.1097304533878,29,4,true,25,true
[consuming],81,358.28310898625114,29,3,false,26,false
[con_ready],82,374.2131006203899,29,3,true,26,true
[consuming],83,375.0024974940218,29,2,false,27,false
[con_ready],84,378.43335952711055,29,2,true,27,true
[consuming],85,379.36718987051165,29,1,false,28,false
[producing],86,381.7723398576677,30,2,false,28,false
[producing],87,385.18152740872335,31,3,false,28,false
[producing],88,392.7810917574367,32,4,false,28,false
[producing],89,395.6150447145253,33,5,false,28,false
[con_ready],90,400.5812455413392,33,5,true,28,true
[consuming],91,400.7604251181346,33,4,false,29,false
[con_ready],92,412.5466380931859,33,4,true,29,true
[consuming],93,413.00428116963604,33,3,false,30,false
[con_ready],94,416.02896200491074,33,3,true,30,true
[consuming],95,416.1661232296144,33,2,false,31,false
[con_ready],96,417.58181799575283,33,2,true,31,true
[consuming],97,419.49974144236626,33,1,false,32,false
[producing],98,422.804201926726,34,2,false,32,false
[con_ready],99,431.43294394196244,34,2,true,32,true
[consuming],100,432.1535575113833,34,1,false,33,false
[producing],101,432.46587862848764,35,2,false,33,false
[producing],102,440.605640050071,36,3,false,33,false
[producing],103,443.03721209934383,37,4,false,33,false
[producing],104,451.725704212388,38,5,false,33,false
[con_ready],105,454.86262004206117,38,5,true,33,true
[consuming],106,455.6802856556591,38,4,false,34,false
[producing],107,456.14183121577366,39,5,false,34,false
[con_ready],108,458.5134520846424,39,5,true,34,true
[consuming],109,459.1202604047522,39,4,false,35,false
[con_ready],110,463.1492350088457,39,4,true,35,true
[consuming],111,463.28089616062323,39,3,false,36,false
[con_ready],112,472.51988349018177,39,3,true,36,true
[consuming],113,472.8943966569046,39,2,false,37,false
[con_ready],114,474.60926122604377,39,2,true,37,true
[consuming],115,475.42597754484046,39,1,false,38,false
[producing],116,475.86685924483487,40,2,false,38,false
[producing],117,488.81484066138876,41,3,false,38,false
[producing],118,489.24999403537953,42,4,false,38,false
[con_ready],119,500.93724146782944,42,4,true,38,true
[consuming],120,501.49730765059445,42,3,false,39,false
[con_ready],121,502.32739533888537,42,3,true,39,true
[consuming],122,505.99864749777095,42,2,false,40,false
[con_ready],123,506.3185581392672,42,2,true,40,true
[consuming],124,506.6465306939796,42,1,false,41,false
[con_ready],125,509.3441452120701,42,1,true,41,true
[consuming],126,510.2267359419553,42,0,false,42,false
[producing],127,513.8244728939173,43,1,false,42,false
[producing],128,523.6885490624262,44,2,false,42,false
[con_ready],129,531.0454119604,44,2,true,42,true
[consuming],130,531.8063616226,44,1,false,43,false
[con_ready],131,531.8149882243919,44,1,true,43,true
[consuming],132,533.1473257472538,44,0,false,44,false
[producing],133,535.317635132883,45,1,false,44,false
[con_ready],134,537.5624825501641,45,1,true,44,true
[consuming],135,537.852668248083,45,0,false,45,false
[producing],136,540.6030632561539,46,1,false,45,false
[con_ready],137,546.2037809503889,46,1,true,45,true
[consuming],138,549.7328419006909,46,0,false,46,false
[producing],139,554.2600440249313,47,1,false,46,false
[con_ready],140,555.4948927932261,47,1,true,46,true
[consuming],141,558.3333866395484,47,0,false,47,false
[producing],142,563.6888060419334,48,1,false,47,false
[producing],143,564.3217388681016,49,2,false,47,false
[producing],144,571.0230832438845,50,3,false,47,false
[producing],145,576.2115454553776,51,4,false,47,false
[producing],146,580.0285033613478,52,5,false,47,false
[producing],147,590.7139566654397,53,6,false,47,false
[con_ready],148,595.4643596447268,53,6,true,47,true
[consuming],149,596.2380859645218,53,5,false,48,false
[producing],150,596.3476230061307,54,6,false,48,false
[producing],151,603.2733512127991,55,7,false,48,false
[producing],152,607.2237097653282,56,8,false,48,false
[producing],153,638.9993287969537,57,9,false,48,false
[producing],154,660.8763343298431,58,10,false,48,false
[producing],155,661.3114659314355,59,11,false,48,false
[producing],156,662.5499174745611,60,12,false,48,false
[producing],157,667.5017444568307,61,13,false,48,false
[con_ready],158,672.2026458746884,61,13,true,48,true
[consuming],159,672.5031481461684,61,12,false,49,false
[con_ready],160,684.1708281436102,61,12,true,49,true
[consuming],161,684.5285692321281,61,11,false,50,false
[producing],162,692.7429688081764,62,12,false,50,false
[producing],163,695.949666008729,63,13,false,50,false
[producing],164,704.5416752562255,64,14,false,50,false
[con_ready],165,710.5447073568916,64,14,true,50,true
[consuming],166,710.9846200208867,64,13,false,51,false
[con_ready],167,711.0220192777871,64,13,true,51,true
[consuming],168,711.1253363370495,64,12,false,52,false
[con_ready],169,712.8133043911698,64,12,true,52,true
[consuming],170,713.323545507147,64,11,false,53,false
[con_ready],171,720.628308855685,64,11,true,53,true
[consuming],172,720.9033392423978,64,10,false,54,false
[con_ready],173,725.7720260078363,64,10,true,54,true
[consuming],174,726.6399480835706,64,9,false,55,false
[producing],175,727.3674582600461,65,10,false,55,false
[producing],176,733.1434010953182,66,11,false,55,false
[producing],177,740.7127926130189,67,12,false,55,false
[con_ready],178,742.9774695765764,67,12,true,55,true
[consuming],179,743.1890361818486,67,11,false,56,false
[con_ready],180,745.0974802721747,67,11,true,56,true
[consuming],181,747.3650362534102,67,10,false,57,false
[con_ready],182,752.9290372418111,67,10,true,57,true
[consuming],183,753.9187014050881,67,9,false,58,false
[con_ready],184,755.7438763237448,67,9,true,58,true
[consuming],185,756.306112909468,67,8,false,59,false
[con_ready],186,771.4641671440465,67,8,true,59,true
[consuming],187,772.1156227339496,67,7,false,60,false
[con_ready],188,773.0013447309234,67,7,true,60,true
[consuming],189,775.4165928873131,67,6,false,61,false
[con_ready],190,783.8171790129621,67,6,true,61,true
[consuming],191,785.7679796550356,67,5,false,62,false
[con_ready],192,786.4188486805422,67,5,true,62,true
[consuming],193,788.9945994140038,67,4,false,63,false
[producing],194,800.2779684894001,68,5,false,63,false
[con_ready],195,808.8456169565242,68,5,true,63,true
[consuming],196,809.009749390106,68,4,false,64,false
[producing],197,821.1591184520698,69,5,false,64,false
[con_ready],198,823.51984139345,69,5,true,64,true
[consuming],199,825.687580268935,69,4,false,65,false
[con_ready],200,828.0061165774098,69,4,true,65,true
[consuming],201,828.2517924653089,69,3,false,66,false
[con_ready],202,831.8436221235719,69,3,true,66,true
[consuming],203,831.8798095206745,69,2,false,67,false
[producing],204,833.8941610143639,70,3,false,67,false
[con_ready],205,837.6956913777854,70,3,true,67,true
[consuming],206,838.7622171380038,70,2,false,68,false
[con_ready],207,842.55271150561,70,2,true,68,true
[consuming],208,842.7031194717958,70,1,false,69,false
[con_ready],209,855.6255774205517,70,1,true,69,true
[consuming],210,857.7875307117522,70,0,false,70,false
[producing],211,864.4963591263343,71,1,false,70,false
[con_ready],212,867.6325977296563,71,1,true,70,true
[consuming],213,868.935220080483,71,0,false,71,false
[producing],214,884.2424027208242,72,1,false,71,false
[producing],215,891.6391129223631,73,2,false,71,false
[producing],216,910.7048138358482,74,3,false,71,false
[producing],217,920.3995048526227,75,4,false,71,false
[con_ready],218,921.22052908992,75,4,true,71,true
[consuming],219,921.5210410970221,75,3,false,72,false
[con_ready],220,922.0567514130287,75,3,true,72,true
[consuming],221,922.8021718078355,75,2,false,73,false
[producing],222,924.3834545502605,76,3,false,73,false
[con_ready],223,930.4323858685283,76,3,true,73,true
[consuming],224,932.1666539432973,76,2,false,74,false
[producing],225,938.9408149099784,77,3,false,74,false
[con_ready],226,944.0506796355498,77,3,true,74,true
[consuming],227,946.6790240398722,77,2,false,75,false
[con_ready],228,961.4804994498832,77,2,true,75,true
[consuming],229,962.3947938406499,77,1,false,76,false
[producing],230,971.0705389441277,78,2,false,76,false
[con_ready],231,985.8395469759124,78,2,true,76,true
[consuming],232,986.2370740341407,78,1,false,77,false
[con_ready],233,988.0508417299023,78,1,true,77,true
[consuming],234,990.7888379379466,78,0,false,78,false
[producing],235,992.1375687020904,79,1,false,78,false
[producing],236,998.4008555888452,80,2,false,78,false
[con_ready],237,1017.7536659232452,80,2,true,78,true
[consuming],238,1019.541600451626,80,1,false,79,false
[con_ready],239,1019.7454282632483,80,1,true,79,true
[consuming],240,1020.1350909732641,80,0,false,80,false
